 0.1000000    
 0.1000000    
 0.1000000    
 0.5000000    
 0.5000000    
 0.5000000    
 0.5000000    
 0.5000000    
 0.5000000    
 0.5000000    
 0.5000000    
 0.5000000    
 0.5000000    
 0.5000000    
 0.5000000    
 0.5000000    
 0.5000000    
 0.5000000    
 0.5000000    
 0.5000000    
 0.5000000    
 0.5000000    
 0.5000000    
 0.5000000    
 0.5000000    
 0.5000000    
 0.5000000    
 0.5000000    
 0.5000000    
 0.5000000    
 0.5000000    
 0.5000000    
 0.5000000    
 0.5000000    
 0.5000000    
 0.5000000    
 0.5000000    
 0.5000000    
 0.5000000    
 0.5000000    
 0.5000000    
 0.5000000    
 0.5000000    
 0.5000000    
 0.5000000    
 0.5000000    
 0.5000000    
 0.5000000    
 0.5000000    
 0.5000000    
 0.5000000    
 0.5000000    
 0.5000000    
 0.5000000    
 0.5000000    
 0.5000000    
 0.5000000    
 0.5000000    
 0.5000000    
 0.5000000    
 0.5000000    
 0.5000000    
 0.5000000    
