  2.142353    
  2.575711    
  4.254489    
  6.790986    
  6.562398    
  7.989841    
  7.837969    
  9.008738    
  8.592565    
  9.351840    
  6.346825    
  9.358918    
  9.670995    
  9.898638    
  10.85227    
  11.32824    
  11.30381    
  11.11347    
  12.07551    
  10.93279    
  12.53607    
  11.95980    
  12.66182    
  12.89014    
  12.75710    
  14.01188    
  13.09588    
  14.38289    
  14.59383    
  14.58946    
  16.02164    
  15.55319    
  15.79959    
  15.94668    
  16.21776    
  17.33392    
  16.69662    
  17.27315    
  17.20920    
  18.32050    
  18.52464    
  19.12691    
  20.83206    
  18.65296    
  20.08082    
  20.47804    
  19.54355    
  20.93350    
  21.27516    
  22.64465    
  21.08777    
  21.91001    
  21.65703    
  21.52690    
  22.53116    
  26.06668    
  23.03161    
  23.02786    
  23.44547    
  23.88371    
  23.75449    
  25.71625    
  25.01982    
