2177045 0 0 5. 1000. 0. 1. 1
2177046 6.5 0.00015 6.435 6.565 .0001485 .0001515 1
2177047 6.5 0.00028 6.435 6.565 .0002772 .0002828 1
2177048 6.5 0.0005 6.435 6.565 .000495 .000505 1
2177049 6.5 0.0008 6.435 6.565 .000792 .000808 1
2177050 6.5 0.001 6.435 6.565 .00099 .00101 1
2177051 12 0.0002 11.88 12.12 .000198 .000202 1
2177052 12 0.00043 11.88 12.12 .0004257 .0004343 1
2177053 12 0.00065 11.88 12.12 .0006435 .0006565 1
2177054 12 0.001 11.88 12.12 .00099 .00101 1
2177055 12 0.0015 11.88 12.12 .001485 .001515 1
2177056 12 0.002 11.88 12.12 .00198 .00202 1
2177057 25 0.00043 24.75 25.25 .0004257 .0004343 1
2177058 25 0.0008 24.75 25.25 .000792 .000808 1
2177059 25 0.0015 24.75 25.25 .001485 .001515 1
2177060 25 0.002 24.75 25.25 .00198 .00202 1
2177061 25 0.003 24.75 25.25 .00297 .00303 1
2177062 25 0.004 24.75 25.25 .00396 .00404 1
2177063 30 0.0005 29.70 30.30 .000495 .000505 1
2177064 30 0.001 29.70 30.30 .00099 .00101 1
2177065 30 0.0016 29.70 30.30 .001584 .001616 1
2177066 30 0.0025 29.70 30.30 .002475 .002525 1
2177067 30 0.0045 29.70 30.30 .004455 .004545 1
2177068 80 0.0016 79.20 80.80 .001584 .001616 1
2177069 80 0.0025 79.20 80.80 .002475 .002525 1
2177070 80 0.0045 79.20 80.80 .004455 .004545 1
2177071 80 0.008 79.20 80.80 .00792 .00808 1
2177072 80 0.01 79.20 80.80 .0099 .0101 1
2177073 160 0.0025 158.40 161.60 .002475 .002525 1
2177074 160 0.0035 158.40 161.60 .003465 .003535 1
2177075 160 0.008 158.40 161.60 .00792 .00808 1
2177076 160 0.015 158.40 161.60 .01485 .01515 1
2177077 160 0.02 158.40 161.60 .0198 .0202 1
2177078 160 0.03 158.40 161.60 .0297 .0303 1
2177079 600 0.009 594.00 606.00 .00891 .00909 1
2177080 600 0.013 594.00 606.00 .01287 .01313 1
2177081 600 0.02 594.00 606.00 .0198 .0202 1
2177082 600 0.035 594.00 606.00 .03465 .03535 1
2177083 600 0.07 594.00 606.00 .0693 .0707 1
2177084 0 0 5. 1000. 0. 1. 2
2177085 6.5 0.00015 6.435 6.565 .0001485 .0001515 2
2177086 6.5 0.00028 6.435 6.565 .0002772 .0002828 2
2177087 6.5 0.0005 6.435 6.565 .000495 .000505 2
2177088 6.5 0.0008 6.435 6.565 .000792 .000808 2
2177089 6.5 0.001 6.435 6.565 .00099 .00101 2
2177090 12 0.0002 11.88 12.12 .000198 .000202 2
2177091 12 0.00043 11.88 12.12 .0004257 .0004343 2
2177092 12 0.00065 11.88 12.12 .0006435 .0006565 2
2177093 12 0.001 11.88 12.12 .00099 .00101 2
2177094 12 0.0015 11.88 12.12 .001485 .001515 2
2177095 12 0.002 11.88 12.12 .00198 .00202 2
2177096 25 0.00043 24.75 25.25 .0004257 .0004343 2
2177097 25 0.0008 24.75 25.25 .000792 .000808 2
2177098 25 0.0015 24.75 25.25 .001485 .001515 2
2177099 25 0.002 24.75 25.25 .00198 .00202 2
2177100 25 0.003 24.75 25.25 .00297 .00303 2
2177101 25 0.004 24.75 25.25 .00396 .00404 2
2177102 30 0.0005 29.70 30.30 .000495 .000505 2
2177103 30 0.001 29.70 30.30 .00099 .00101 2
2177104 30 0.0016 29.70 30.30 .001584 .001616 2
2177105 30 0.0025 29.70 30.30 .002475 .002525 2
2177106 30 0.0045 29.70 30.30 .004455 .004545 2
2177107 80 0.0016 79.20 80.80 .001584 .001616 2
2177108 80 0.0025 79.20 80.80 .002475 .002525 2
2177109 80 0.0045 79.20 80.80 .004455 .004545 2
2177110 80 0.008 79.20 80.80 .00792 .00808 2
2177111 80 0.01 79.20 80.80 .0099 .0101 2
2177112 160 0.0025 158.40 161.60 .002475 .002525 2
2177113 160 0.0035 158.40 161.60 .003465 .003535 2
2177114 160 0.008 158.40 161.60 .00792 .00808 2
2177115 160 0.015 158.40 161.60 .01485 .01515 2
2177116 160 0.02 158.40 161.60 .0198 .0202 2
2177117 160 0.03 158.40 161.60 .0297 .0303 2
2177118 600 0.009 594.00 606.00 .00891 .00909 2
2177119 600 0.013 594.00 606.00 .01287 .01313 2
2177120 600 0.02 594.00 606.00 .0198 .0202 2
2177121 600 0.035 594.00 606.00 .03465 .03535 2
2177122 600 0.07 594.00 606.00 .0693 .0707 2
2177123 0 0 5. 1000. 0. 1. 3
2177124 6.5 0.00015 6.435 6.565 .0001485 .0001515 3
2177125 6.5 0.00028 6.435 6.565 .0002772 .0002828 3
2177126 6.5 0.0005 6.435 6.565 .000495 .000505 3
2177127 6.5 0.0008 6.435 6.565 .000792 .000808 3
2177128 6.5 0.001 6.435 6.565 .00099 .00101 3
2177129 12 0.0002 11.88 12.12 .000198 .000202 3
2177130 12 0.00043 11.88 12.12 .0004257 .0004343 3
2177131 12 0.00065 11.88 12.12 .0006435 .0006565 3
2177132 12 0.001 11.88 12.12 .00099 .00101 3
2177133 12 0.0015 11.88 12.12 .001485 .001515 3
2177134 12 0.002 11.88 12.12 .00198 .00202 3
2177135 25 0.00043 24.75 25.25 .0004257 .0004343 3
2177136 25 0.0008 24.75 25.25 .000792 .000808 3
2177137 25 0.0015 24.75 25.25 .001485 .001515 3
2177138 25 0.002 24.75 25.25 .00198 .00202 3
2177139 25 0.003 24.75 25.25 .00297 .00303 3
2177140 25 0.004 24.75 25.25 .00396 .00404 3
2177141 30 0.0005 29.70 30.30 .000495 .000505 3
2177142 30 0.001 29.70 30.30 .00099 .00101 3
2177143 30 0.0016 29.70 30.30 .001584 .001616 3
2177144 30 0.0025 29.70 30.30 .002475 .002525 3
2177145 30 0.0045 29.70 30.30 .004455 .004545 3
2177146 80 0.0016 79.20 80.80 .001584 .001616 3
2177147 80 0.0025 79.20 80.80 .002475 .002525 3
2177148 80 0.0045 79.20 80.80 .004455 .004545 3
2177149 80 0.008 79.20 80.80 .00792 .00808 3
2177150 80 0.01 79.20 80.80 .0099 .0101 3
2177151 160 0.0025 158.40 161.60 .002475 .002525 3
2177152 160 0.0035 158.40 161.60 .003465 .003535 3
2177153 160 0.008 158.40 161.60 .00792 .00808 3
2177154 160 0.015 158.40 161.60 .01485 .01515 3
2177155 160 0.02 158.40 161.60 .0198 .0202 3
2177156 160 0.03 158.40 161.60 .0297 .0303 3
2177157 600 0.009 594.00 606.00 .00891 .00909 3
2177158 600 0.013 594.00 606.00 .01287 .01313 3
2177159 600 0.02 594.00 606.00 .0198 .0202 3
2177160 600 0.035 594.00 606.00 .03465 .03535 3
2177161 600 0.07 594.00 606.00 .0693 .0707 3
2177162 0 0 5. 1000. 0. 1. 4
2177163 6.5 0.00015 6.435 6.565 .0001485 .0001515 4
2177164 6.5 0.00028 6.435 6.565 .0002772 .0002828 4
2177165 6.5 0.0005 6.435 6.565 .000495 .000505 4
2177166 6.5 0.0008 6.435 6.565 .000792 .000808 4
2177167 6.5 0.001 6.435 6.565 .00099 .00101 4
2177168 12 0.0002 11.88 12.12 .000198 .000202 4
2177169 12 0.00043 11.88 12.12 .0004257 .0004343 4
2177170 12 0.00065 11.88 12.12 .0006435 .0006565 4
2177171 12 0.001 11.88 12.12 .00099 .00101 4
2177172 12 0.0015 11.88 12.12 .001485 .001515 4
2177173 12 0.002 11.88 12.12 .00198 .00202 4
2177174 25 0.00043 24.75 25.25 .0004257 .0004343 4
2177175 25 0.0008 24.75 25.25 .000792 .000808 4
2177176 25 0.0015 24.75 25.25 .001485 .001515 4
2177177 25 0.002 24.75 25.25 .00198 .00202 4
2177178 25 0.003 24.75 25.25 .00297 .00303 4
2177179 25 0.004 24.75 25.25 .00396 .00404 4
2177180 30 0.0005 29.70 30.30 .000495 .000505 4
2177181 30 0.001 29.70 30.30 .00099 .00101 4
2177182 30 0.0016 29.70 30.30 .001584 .001616 4
2177183 30 0.0025 29.70 30.30 .002475 .002525 4
2177184 30 0.0045 29.70 30.30 .004455 .004545 4
2177185 80 0.0016 79.20 80.80 .001584 .001616 4
2177186 80 0.0025 79.20 80.80 .002475 .002525 4
2177187 80 0.0045 79.20 80.80 .004455 .004545 4
2177188 80 0.008 79.20 80.80 .00792 .00808 4
2177189 80 0.01 79.20 80.80 .0099 .0101 4
2177190 160 0.0025 158.40 161.60 .002475 .002525 4
2177191 160 0.0035 158.40 161.60 .003465 .003535 4
2177192 160 0.008 158.40 161.60 .00792 .00808 4
2177193 160 0.015 158.40 161.60 .01485 .01515 4
2177194 160 0.02 158.40 161.60 .0198 .0202 4
2177195 160 0.03 158.40 161.60 .0297 .0303 4
2177196 600 0.009 594.00 606.00 .00891 .00909 4
2177197 600 0.013 594.00 606.00 .01287 .01313 4
2177198 600 0.02 594.00 606.00 .0198 .0202 4
2177199 600 0.035 594.00 606.00 .03465 .03535 4
2177200 600 0.07 594.00 606.00 .0693 .0707 4
2177201 0 0 5. 1000. 0. 1. 5
2177202 6.5 0.00015 6.435 6.565 .0001485 .0001515 5
2177203 6.5 0.00028 6.435 6.565 .0002772 .0002828 5
2177204 6.5 0.0005 6.435 6.565 .000495 .000505 5
2177205 6.5 0.0008 6.435 6.565 .000792 .000808 5
2177206 6.5 0.001 6.435 6.565 .00099 .00101 5
2177207 12 0.0002 11.88 12.12 .000198 .000202 5
2177208 12 0.00043 11.88 12.12 .0004257 .0004343 5
2177209 12 0.00065 11.88 12.12 .0006435 .0006565 5
2177210 12 0.001 11.88 12.12 .00099 .00101 5
2177211 12 0.0015 11.88 12.12 .001485 .001515 5
2177212 12 0.002 11.88 12.12 .00198 .00202 5
2177213 25 0.00043 24.75 25.25 .0004257 .0004343 5
2177214 25 0.0008 24.75 25.25 .000792 .000808 5
2177215 25 0.0015 24.75 25.25 .001485 .001515 5
2177216 25 0.002 24.75 25.25 .00198 .00202 5
2177217 25 0.003 24.75 25.25 .00297 .00303 5
2177218 25 0.004 24.75 25.25 .00396 .00404 5
2177219 30 0.0005 29.70 30.30 .000495 .000505 5
2177220 30 0.001 29.70 30.30 .00099 .00101 5
2177221 30 0.0016 29.70 30.30 .001584 .001616 5
2177222 30 0.0025 29.70 30.30 .002475 .002525 5
2177223 30 0.0045 29.70 30.30 .004455 .004545 5
2177224 80 0.0016 79.20 80.80 .001584 .001616 5
2177225 80 0.0025 79.20 80.80 .002475 .002525 5
2177226 80 0.0045 79.20 80.80 .004455 .004545 5
2177227 80 0.008 79.20 80.80 .00792 .00808 5
2177228 80 0.01 79.20 80.80 .0099 .0101 5
2177229 160 0.0025 158.40 161.60 .002475 .002525 5
2177230 160 0.0035 158.40 161.60 .003465 .003535 5
2177231 160 0.008 158.40 161.60 .00792 .00808 5
2177232 160 0.015 158.40 161.60 .01485 .01515 5
2177233 160 0.02 158.40 161.60 .0198 .0202 5
2177234 160 0.03 158.40 161.60 .0297 .0303 5
2177235 600 0.009 594.00 606.00 .00891 .00909 5
2177236 600 0.013 594.00 606.00 .01287 .01313 5
2177237 600 0.02 594.00 606.00 .0198 .0202 5
2177238 600 0.035 594.00 606.00 .03465 .03535 5
2177239 600 0.07 594.00 606.00 .0693 .0707 5
2177240 0 0 5. 1000. 0. 1. 6
2177241 6.5 0.00015 6.435 6.565 .0001485 .0001515 6
2177242 6.5 0.00028 6.435 6.565 .0002772 .0002828 6
2177243 6.5 0.0005 6.435 6.565 .000495 .000505 6
2177244 6.5 0.0008 6.435 6.565 .000792 .000808 6
2177245 6.5 0.001 6.435 6.565 .00099 .00101 6
2177246 12 0.0002 11.88 12.12 .000198 .000202 6
2177247 12 0.00043 11.88 12.12 .0004257 .0004343 6
2177248 12 0.00065 11.88 12.12 .0006435 .0006565 6
2177249 12 0.001 11.88 12.12 .00099 .00101 6
2177250 12 0.0015 11.88 12.12 .001485 .001515 6
2177251 12 0.002 11.88 12.12 .00198 .00202 6
2177252 25 0.00043 24.75 25.25 .0004257 .0004343 6
2177253 25 0.0008 24.75 25.25 .000792 .000808 6
2177254 25 0.0015 24.75 25.25 .001485 .001515 6
2177255 25 0.002 24.75 25.25 .00198 .00202 6
2177256 25 0.003 24.75 25.25 .00297 .00303 6
2177257 25 0.004 24.75 25.25 .00396 .00404 6
2177258 30 0.0005 29.70 30.30 .000495 .000505 6
2177259 30 0.001 29.70 30.30 .00099 .00101 6
2177260 30 0.0016 29.70 30.30 .001584 .001616 6
2177261 30 0.0025 29.70 30.30 .002475 .002525 6
2177262 30 0.0045 29.70 30.30 .004455 .004545 6
2177263 80 0.0016 79.20 80.80 .001584 .001616 6
2177264 80 0.0025 79.20 80.80 .002475 .002525 6
2177265 80 0.0045 79.20 80.80 .004455 .004545 6
2177266 80 0.008 79.20 80.80 .00792 .00808 6
2177267 80 0.01 79.20 80.80 .0099 .0101 6
2177268 160 0.0025 158.40 161.60 .002475 .002525 6
2177269 160 0.0035 158.40 161.60 .003465 .003535 6
2177270 160 0.008 158.40 161.60 .00792 .00808 6
2177271 160 0.015 158.40 161.60 .01485 .01515 6
2177272 160 0.02 158.40 161.60 .0198 .0202 6
2177273 160 0.03 158.40 161.60 .0297 .0303 6
2177274 600 0.009 594.00 606.00 .00891 .00909 6
2177275 600 0.013 594.00 606.00 .01287 .01313 6
2177276 600 0.02 594.00 606.00 .0198 .0202 6
2177277 600 0.035 594.00 606.00 .03465 .03535 6
2177278 600 0.07 594.00 606.00 .0693 .0707 6
2177279 0 0 5. 1000. 0. 1. 7
2177280 6.5 0.00015 6.435 6.565 .0001485 .0001515 7
2177281 6.5 0.00028 6.435 6.565 .0002772 .0002828 7
2177282 6.5 0.0005 6.435 6.565 .000495 .000505 7
2177283 6.5 0.0008 6.435 6.565 .000792 .000808 7
2177284 6.5 0.001 6.435 6.565 .00099 .00101 7
2177285 12 0.0002 11.88 12.12 .000198 .000202 7
2177286 12 0.00043 11.88 12.12 .0004257 .0004343 7
2177287 12 0.00065 11.88 12.12 .0006435 .0006565 7
2177288 12 0.001 11.88 12.12 .00099 .00101 7
2177289 12 0.0015 11.88 12.12 .001485 .001515 7
2177290 12 0.002 11.88 12.12 .00198 .00202 7
2177291 25 0.00043 24.75 25.25 .0004257 .0004343 7
2177292 25 0.0008 24.75 25.25 .000792 .000808 7
2177293 25 0.0015 24.75 25.25 .001485 .001515 7
2177294 25 0.002 24.75 25.25 .00198 .00202 7
2177295 25 0.003 24.75 25.25 .00297 .00303 7
2177296 25 0.004 24.75 25.25 .00396 .00404 7
2177297 30 0.0005 29.70 30.30 .000495 .000505 7
2177298 30 0.001 29.70 30.30 .00099 .00101 7
2177299 30 0.0016 29.70 30.30 .001584 .001616 7
2177300 30 0.0025 29.70 30.30 .002475 .002525 7
2177301 30 0.0045 29.70 30.30 .004455 .004545 7
2177302 80 0.0016 79.20 80.80 .001584 .001616 7
2177303 80 0.0025 79.20 80.80 .002475 .002525 7
2177304 80 0.0045 79.20 80.80 .004455 .004545 7
2177305 80 0.008 79.20 80.80 .00792 .00808 7
2177306 80 0.01 79.20 80.80 .0099 .0101 7
2177307 160 0.0025 158.40 161.60 .002475 .002525 7
2177308 160 0.0035 158.40 161.60 .003465 .003535 7
2177309 160 0.008 158.40 161.60 .00792 .00808 7
2177310 160 0.015 158.40 161.60 .01485 .01515 7
2177311 160 0.02 158.40 161.60 .0198 .0202 7
2177312 160 0.03 158.40 161.60 .0297 .0303 7
2177313 600 0.009 594.00 606.00 .00891 .00909 7
2177314 600 0.013 594.00 606.00 .01287 .01313 7
2177315 600 0.02 594.00 606.00 .0198 .0202 7
2177316 600 0.035 594.00 606.00 .03465 .03535 7
2177317 600 0.07 594.00 606.00 .0693 .0707 7
