2166077 0 0 5. 1000. 0. 1. 1
2166078 2.5 0.00003 2.475 2.525 .0000297 .0000303 1
2166079 2.5 0.00007 2.475 2.525 .0000693 .0000707 1
2166080 2.5 0.00013 2.475 2.525 .0001287 .0001313 1
2166081 2.5 0.00018 2.475 2.525 .0001782 .0001818 1
2166082 2.5 0.00035 2.475 2.525 .0003465 .0003535 1
2166083 5.0 0.00007 4.950 5.050 .0000693 .0000707 1
2166084 5.0 0.00018 4.950 5.050 .0001782 .0001818 1
2166085 5.0 0.00035 4.950 5.050 .0003465 .0003535 1
2166086 5.0 0.00100 4.950 5.050 .0009900 .0010100 1
2166087 200.0 0.00500 198.000 202.000 .0049500 .0050500 1
2166088 200.0 0.01300 198.000 202.000 .0128700 .0131300 1
2166089 350.0 0.01000 346.500 353.500 .0099000 .0101000 1
2166090 350.0 0.02500 346.500 353.500 .0247500 .0252500 1
2166091 650.0 0.01300 643.500 656.500 .0128700 .0131300 1
2166092 650.0 0.03200 643.500 656.500 .0316800 .0323200 1
