2139847 0 0 5. 1000. 0. 1. 1
2139848 6.5 0.00015 6.435 6.565 .0001485 .0001515 1
2139849 6.5 0.00028 6.435 6.565 .0002772 .0002828 1
2139850 6.5 0.0005 6.435 6.565 .000495 .000505 1
2139851 6.5 0.0008 6.435 6.565 .000792 .000808 1
2139852 6.5 0.001 6.435 6.565 .00099 .00101 1
2139853 6.5 0.002 6.435 6.565 .00198 .00202 1
2139854 12 0.0002 11.88 12.12 .000198 .000202 1
2139855 12 0.00043 11.88 12.12 .0004257 .0004343 1
2139856 12 0.00065 11.88 12.12 .0006435 .0006565 1
2139857 12 0.002 11.88 12.12 .00198 .00202 1
2139858 12 0.004 11.88 12.12 .00396 .00404 1
2139859 25 0.00043 24.75 25.25 .0004257 .0004343 1
2139860 25 0.0008 24.75 25.25 .000792 .000808 1
2139861 25 0.002 24.75 25.25 .00198 .00202 1
2139862 25 0.005 24.75 25.25 .00495 .00505 1
2139863 30 0.0005 29.70 30.30 .000495 .000505 1
2139864 30 0.0016 29.70 30.30 .001584 .001616 1
2139865 30 0.0025 29.70 30.30 .002475 .002525 1
2139866 30 0.0045 29.70 30.30 .004455 .004545 1
2139867 30 0.01 29.70 30.30 .0099 .0101 1
2139868 80 0.0016 79.20 80.80 .001584 .001616 1
2139869 80 0.0025 79.20 80.80 .002475 .002525 1
2139870 80 0.0045 79.20 80.80 .004455 .004545 1
2139871 80 0.008 79.20 80.80 .00792 .00808 1
2139872 80 0.01 79.20 80.80 .0099 .0101 1
2139873 80 0.02 79.20 80.80 .0198 .0202 1
2139874 160 0.0025 158.40 161.60 .002475 .002525 1
2139875 160 0.0035 158.40 161.60 .003465 .003535 1
2139876 160 0.008 158.40 161.60 .00792 .00808 1
2139877 160 0.02 158.40 161.60 .0198 .0202 1
2139878 160 0.04 158.40 161.60 .0396 .0404 1
2139879 600 0.009 594.00 606.00 .00891 .00909 1
2139880 600 0.013 594.00 606.00 .01287 .01313 1
2139881 600 0.035 594.00 606.00 .03465 .03535 1
2139882 600 0.07 594.00 606.00 .0693 .0707 1
2139883 0 0 5. 1000. 0. 1. 2
2139884 6.5 0.00015 6.435 6.565 .0001485 .0001515 2
2139885 6.5 0.00028 6.435 6.565 .0002772 .0002828 2
2139886 6.5 0.0005 6.435 6.565 .000495 .000505 2
2139887 6.5 0.0008 6.435 6.565 .000792 .000808 2
2139888 6.5 0.001 6.435 6.565 .00099 .00101 2
2139889 6.5 0.002 6.435 6.565 .00198 .00202 2
2139890 12 0.0002 11.88 12.12 .000198 .000202 2
2139891 12 0.00043 11.88 12.12 .0004257 .0004343 2
2139892 12 0.00065 11.88 12.12 .0006435 .0006565 2
2139893 12 0.002 11.88 12.12 .00198 .00202 2
2139894 12 0.004 11.88 12.12 .00396 .00404 2
2139895 25 0.00043 24.75 25.25 .0004257 .0004343 2
2139896 25 0.0008 24.75 25.25 .000792 .000808 2
2139897 25 0.002 24.75 25.25 .00198 .00202 2
2139898 25 0.005 24.75 25.25 .00495 .00505 2
2139899 30 0.0005 29.70 30.30 .000495 .000505 2
2139900 30 0.0016 29.70 30.30 .001584 .001616 2
2139901 30 0.0025 29.70 30.30 .002475 .002525 2
2139902 30 0.0045 29.70 30.30 .004455 .004545 2
2139903 30 0.01 29.70 30.30 .0099 .0101 2
2139904 80 0.0016 79.20 80.80 .001584 .001616 2
2139905 80 0.0025 79.20 80.80 .002475 .002525 2
2139906 80 0.0045 79.20 80.80 .004455 .004545 2
2139907 80 0.008 79.20 80.80 .00792 .00808 2
2139908 80 0.01 79.20 80.80 .0099 .0101 2
2139909 80 0.02 79.20 80.80 .0198 .0202 2
2139910 160 0.0025 158.40 161.60 .002475 .002525 2
2139911 160 0.0035 158.40 161.60 .003465 .003535 2
2139912 160 0.008 158.40 161.60 .00792 .00808 2
2139913 160 0.02 158.40 161.60 .0198 .0202 2
2139914 160 0.04 158.40 161.60 .0396 .0404 2
2139915 600 0.009 594.00 606.00 .00891 .00909 2
2139916 600 0.013 594.00 606.00 .01287 .01313 2
2139917 600 0.035 594.00 606.00 .03465 .03535 2
2139918 600 0.07 594.00 606.00 .0693 .0707 2
2139919 0 0 5. 1000. 0. 1. 3
2139920 6.5 0.00015 6.435 6.565 .0001485 .0001515 3
2139921 6.5 0.00028 6.435 6.565 .0002772 .0002828 3
2139922 6.5 0.0005 6.435 6.565 .000495 .000505 3
2139923 6.5 0.0008 6.435 6.565 .000792 .000808 3
2139924 6.5 0.001 6.435 6.565 .00099 .00101 3
2139925 6.5 0.002 6.435 6.565 .00198 .00202 3
2139926 12 0.0002 11.88 12.12 .000198 .000202 3
2139927 12 0.00043 11.88 12.12 .0004257 .0004343 3
2139928 12 0.00065 11.88 12.12 .0006435 .0006565 3
2139929 12 0.002 11.88 12.12 .00198 .00202 3
2139930 12 0.004 11.88 12.12 .00396 .00404 3
2139931 25 0.00043 24.75 25.25 .0004257 .0004343 3
2139932 25 0.0008 24.75 25.25 .000792 .000808 3
2139933 25 0.002 24.75 25.25 .00198 .00202 3
2139934 25 0.005 24.75 25.25 .00495 .00505 3
2139935 30 0.0005 29.70 30.30 .000495 .000505 3
2139936 30 0.0016 29.70 30.30 .001584 .001616 3
2139937 30 0.0025 29.70 30.30 .002475 .002525 3
2139938 30 0.0045 29.70 30.30 .004455 .004545 3
2139939 30 0.01 29.70 30.30 .0099 .0101 3
2139940 80 0.0016 79.20 80.80 .001584 .001616 3
2139941 80 0.0025 79.20 80.80 .002475 .002525 3
2139942 80 0.0045 79.20 80.80 .004455 .004545 3
2139943 80 0.008 79.20 80.80 .00792 .00808 3
2139944 80 0.01 79.20 80.80 .0099 .0101 3
2139945 80 0.02 79.20 80.80 .0198 .0202 3
2139946 160 0.0025 158.40 161.60 .002475 .002525 3
2139947 160 0.0035 158.40 161.60 .003465 .003535 3
2139948 160 0.008 158.40 161.60 .00792 .00808 3
2139949 160 0.02 158.40 161.60 .0198 .0202 3
2139950 160 0.04 158.40 161.60 .0396 .0404 3
2139951 600 0.009 594.00 606.00 .00891 .00909 3
2139952 600 0.013 594.00 606.00 .01287 .01313 3
2139953 600 0.035 594.00 606.00 .03465 .03535 3
2139954 600 0.07 594.00 606.00 .0693 .0707 3
2139955 0 0 5. 1000. 0. 1. 4
2139956 6.5 0.00015 6.435 6.565 .0001485 .0001515 4
2139957 6.5 0.00028 6.435 6.565 .0002772 .0002828 4
2139958 6.5 0.0005 6.435 6.565 .000495 .000505 4
2139959 6.5 0.0008 6.435 6.565 .000792 .000808 4
2139960 6.5 0.001 6.435 6.565 .00099 .00101 4
2139961 6.5 0.002 6.435 6.565 .00198 .00202 4
2139962 12 0.0002 11.88 12.12 .000198 .000202 4
2139963 12 0.00043 11.88 12.12 .0004257 .0004343 4
2139964 12 0.00065 11.88 12.12 .0006435 .0006565 4
2139965 12 0.002 11.88 12.12 .00198 .00202 4
2139966 12 0.004 11.88 12.12 .00396 .00404 4
2139967 25 0.00043 24.75 25.25 .0004257 .0004343 4
2139968 25 0.0008 24.75 25.25 .000792 .000808 4
2139969 25 0.002 24.75 25.25 .00198 .00202 4
2139970 25 0.005 24.75 25.25 .00495 .00505 4
2139971 30 0.0005 29.70 30.30 .000495 .000505 4
2139972 30 0.0016 29.70 30.30 .001584 .001616 4
2139973 30 0.0025 29.70 30.30 .002475 .002525 4
2139974 30 0.0045 29.70 30.30 .004455 .004545 4
2139975 30 0.01 29.70 30.30 .0099 .0101 4
2139976 80 0.0016 79.20 80.80 .001584 .001616 4
2139977 80 0.0025 79.20 80.80 .002475 .002525 4
2139978 80 0.0045 79.20 80.80 .004455 .004545 4
2139979 80 0.008 79.20 80.80 .00792 .00808 4
2139980 80 0.01 79.20 80.80 .0099 .0101 4
2139981 80 0.02 79.20 80.80 .0198 .0202 4
2139982 160 0.0025 158.40 161.60 .002475 .002525 4
2139983 160 0.0035 158.40 161.60 .003465 .003535 4
2139984 160 0.008 158.40 161.60 .00792 .00808 4
2139985 160 0.02 158.40 161.60 .0198 .0202 4
2139986 160 0.04 158.40 161.60 .0396 .0404 4
2139987 600 0.009 594.00 606.00 .00891 .00909 4
2139988 600 0.013 594.00 606.00 .01287 .01313 4
2139989 600 0.035 594.00 606.00 .03465 .03535 4
2139990 600 0.07 594.00 606.00 .0693 .0707 4
2139991 0 0 5. 1000. 0. 1. 5
2139992 6.5 0.00015 6.435 6.565 .0001485 .0001515 5
2139993 6.5 0.00028 6.435 6.565 .0002772 .0002828 5
2139994 6.5 0.0005 6.435 6.565 .000495 .000505 5
2139995 6.5 0.0008 6.435 6.565 .000792 .000808 5
2139996 6.5 0.001 6.435 6.565 .00099 .00101 5
2139997 6.5 0.002 6.435 6.565 .00198 .00202 5
2139998 12 0.0002 11.88 12.12 .000198 .000202 5
2139999 12 0.00043 11.88 12.12 .0004257 .0004343 5
2140000 12 0.00065 11.88 12.12 .0006435 .0006565 5
2140001 12 0.002 11.88 12.12 .00198 .00202 5
2140002 12 0.004 11.88 12.12 .00396 .00404 5
2140003 25 0.00043 24.75 25.25 .0004257 .0004343 5
2140004 25 0.0008 24.75 25.25 .000792 .000808 5
2140005 25 0.002 24.75 25.25 .00198 .00202 5
2140006 25 0.005 24.75 25.25 .00495 .00505 5
2140007 30 0.0005 29.70 30.30 .000495 .000505 5
2140008 30 0.0016 29.70 30.30 .001584 .001616 5
2140009 30 0.0025 29.70 30.30 .002475 .002525 5
2140010 30 0.0045 29.70 30.30 .004455 .004545 5
2140011 30 0.01 29.70 30.30 .0099 .0101 5
2140012 80 0.0016 79.20 80.80 .001584 .001616 5
2140013 80 0.0025 79.20 80.80 .002475 .002525 5
2140014 80 0.0045 79.20 80.80 .004455 .004545 5
2140015 80 0.008 79.20 80.80 .00792 .00808 5
2140016 80 0.01 79.20 80.80 .0099 .0101 5
2140017 80 0.02 79.20 80.80 .0198 .0202 5
2140018 160 0.0025 158.40 161.60 .002475 .002525 5
2140019 160 0.0035 158.40 161.60 .003465 .003535 5
2140020 160 0.008 158.40 161.60 .00792 .00808 5
2140021 160 0.02 158.40 161.60 .0198 .0202 5
2140022 160 0.04 158.40 161.60 .0396 .0404 5
2140023 600 0.009 594.00 606.00 .00891 .00909 5
2140024 600 0.013 594.00 606.00 .01287 .01313 5
2140025 600 0.035 594.00 606.00 .03465 .03535 5
2140026 600 0.07 594.00 606.00 .0693 .0707 5
2140027 0 0 5. 1000. 0. 1. 6
2140028 6.5 0.00015 6.435 6.565 .0001485 .0001515 6
2140029 6.5 0.00028 6.435 6.565 .0002772 .0002828 6
2140030 6.5 0.0005 6.435 6.565 .000495 .000505 6
2140031 6.5 0.0008 6.435 6.565 .000792 .000808 6
2140032 6.5 0.001 6.435 6.565 .00099 .00101 6
2140033 6.5 0.002 6.435 6.565 .00198 .00202 6
2140034 12 0.0002 11.88 12.12 .000198 .000202 6
2140035 12 0.00043 11.88 12.12 .0004257 .0004343 6
2140036 12 0.00065 11.88 12.12 .0006435 .0006565 6
2140037 12 0.002 11.88 12.12 .00198 .00202 6
2140038 12 0.004 11.88 12.12 .00396 .00404 6
2140039 25 0.00043 24.75 25.25 .0004257 .0004343 6
2140040 25 0.0008 24.75 25.25 .000792 .000808 6
2140041 25 0.002 24.75 25.25 .00198 .00202 6
2140042 25 0.005 24.75 25.25 .00495 .00505 6
2140043 30 0.0005 29.70 30.30 .000495 .000505 6
2140044 30 0.0016 29.70 30.30 .001584 .001616 6
2140045 30 0.0025 29.70 30.30 .002475 .002525 6
2140046 30 0.0045 29.70 30.30 .004455 .004545 6
2140047 30 0.01 29.70 30.30 .0099 .0101 6
2140048 80 0.0016 79.20 80.80 .001584 .001616 6
2140049 80 0.0025 79.20 80.80 .002475 .002525 6
2140050 80 0.0045 79.20 80.80 .004455 .004545 6
2140051 80 0.008 79.20 80.80 .00792 .00808 6
2140052 80 0.01 79.20 80.80 .0099 .0101 6
2140053 80 0.02 79.20 80.80 .0198 .0202 6
2140054 160 0.0025 158.40 161.60 .002475 .002525 6
2140055 160 0.0035 158.40 161.60 .003465 .003535 6
2140056 160 0.008 158.40 161.60 .00792 .00808 6
2140057 160 0.02 158.40 161.60 .0198 .0202 6
2140058 160 0.04 158.40 161.60 .0396 .0404 6
2140059 600 0.009 594.00 606.00 .00891 .00909 6
2140060 600 0.013 594.00 606.00 .01287 .01313 6
2140061 600 0.035 594.00 606.00 .03465 .03535 6
2140062 600 0.07 594.00 606.00 .0693 .0707 6
2140063 0 0 5. 1000. 0. 1. 7
2140064 6.5 0.00015 6.435 6.565 .0001485 .0001515 7
2140065 6.5 0.00028 6.435 6.565 .0002772 .0002828 7
2140066 6.5 0.0005 6.435 6.565 .000495 .000505 7
2140067 6.5 0.0008 6.435 6.565 .000792 .000808 7
2140068 6.5 0.001 6.435 6.565 .00099 .00101 7
2140069 6.5 0.002 6.435 6.565 .00198 .00202 7
2140070 12 0.0002 11.88 12.12 .000198 .000202 7
2140071 12 0.00043 11.88 12.12 .0004257 .0004343 7
2140072 12 0.00065 11.88 12.12 .0006435 .0006565 7
2140073 12 0.002 11.88 12.12 .00198 .00202 7
2140074 12 0.004 11.88 12.12 .00396 .00404 7
2140075 25 0.00043 24.75 25.25 .0004257 .0004343 7
2140076 25 0.0008 24.75 25.25 .000792 .000808 7
2140077 25 0.002 24.75 25.25 .00198 .00202 7
2140078 25 0.005 24.75 25.25 .00495 .00505 7
2140079 30 0.0005 29.70 30.30 .000495 .000505 7
2140080 30 0.0016 29.70 30.30 .001584 .001616 7
2140081 30 0.0025 29.70 30.30 .002475 .002525 7
2140082 30 0.0045 29.70 30.30 .004455 .004545 7
2140083 30 0.01 29.70 30.30 .0099 .0101 7
2140084 80 0.0016 79.20 80.80 .001584 .001616 7
2140085 80 0.0025 79.20 80.80 .002475 .002525 7
2140086 80 0.0045 79.20 80.80 .004455 .004545 7
2140087 80 0.008 79.20 80.80 .00792 .00808 7
2140088 80 0.01 79.20 80.80 .0099 .0101 7
2140089 80 0.02 79.20 80.80 .0198 .0202 7
2140090 160 0.0025 158.40 161.60 .002475 .002525 7
2140091 160 0.0035 158.40 161.60 .003465 .003535 7
2140092 160 0.008 158.40 161.60 .00792 .00808 7
2140093 160 0.02 158.40 161.60 .0198 .0202 7
2140094 160 0.04 158.40 161.60 .0396 .0404 7
2140095 600 0.009 594.00 606.00 .00891 .00909 7
2140096 600 0.013 594.00 606.00 .01287 .01313 7
2140097 600 0.035 594.00 606.00 .03465 .03535 7
2140098 600 0.07 594.00 606.00 .0693 .0707 7
