2435451 0 0 5. 1000. 0. 1. 1
2435452 6.5 0.00013 6.435 6.565 .0001287 .0001313 1
2435453 6.5 0.0002 6.435 6.565 .000198 .000202 1
2435454 10 0.0005 9.90 10.10 .000495 .000505 1
2435455 12 0.0005 11.88 12.12 .000495 .000505 1
2435456 22 0.0005 21.78 22.22 .000495 .000505 1
2435457 25 0.0005 24.75 25.25 .000495 .000505 1
2435458 30 0.0013 29.70 30.30 .001287 .001313 1
2435459 30 0.002 29.70 30.30 .00198 .00202 1
2435460 30 0.005 29.70 30.30 .00495 .00505 1
2435461 80 0.0013 79.20 80.80 .001287 .001313 1
2435462 80 0.002 79.20 80.80 .00198 .00202 1
2435463 80 0.005 79.20 80.80 .00495 .00505 1
2435464 160 0.005 158.40 161.60 .00495 .00505 1
2435465 160 0.013 158.40 161.60 .01287 .01313 1
2435466 160 0.032 158.40 161.60 .03168 .03232 1
2435467 600 0.013 594.00 606.00 .01287 .01313 1
2435468 600 0.032 594.00 606.00 .03168 .03232 1
