2303075 0 0 5. 1000. 0. 1. 1
2303076 2.5 0.00003 2.475 2.525 .0000297 .0000303 1
2303077 2.5 0.00007 2.475 2.525 .0000693 .0000707 1
2303078 2.5 0.00013 2.475 2.525 .0001287 .0001313 1
2303079 2.5 0.00018 2.475 2.525 .0001782 .0001818 1
2303080 2.5 0.00035 2.475 2.525 .0003465 .0003535 1
2303081 5.0 0.00007 4.950 5.050 .0000693 .0000707 1
2303082 5.0 0.00018 4.950 5.050 .0001782 .0001818 1
2303083 5.0 0.00035 4.950 5.050 .0003465 .0003535 1
2303084 5.0 0.00100 4.950 5.050 .0009900 .0010100 1
2303085 7.0 0.00013 6.930 7.070 .0001287 .0001313 1
2303086 7.0 0.00018 6.930 7.070 .0001782 .0001818 1
2303087 7.0 0.00030 6.930 7.070 .0002970 .0003030 1
2303088 7.0 0.00050 6.930 7.070 .0004950 .0005050 1
2303089 7.0 0.00080 6.930 7.070 .0007920 .0008080 1
2303090 7.0 0.00160 6.930 7.070 .0015840 .0016160 1
2303091 12.0 0.00022 11.880 12.120 .0002178 .0002222 1
2303092 12.0 0.00032 11.880 12.120 .0003168 .0003232 1
2303093 12.0 0.00050 11.880 12.120 .0004950 .0005050 1
2303094 12.0 0.00080 11.880 12.120 .0007920 .0008080 1
2303095 12.0 0.00150 11.880 12.120 .0014850 .0015150 1
2303096 12.0 0.00300 11.880 12.120 .0029700 .0030300 1
2303097 18.0 0.00035 17.820 18.180 .0003465 .0003535 1
2303098 18.0 0.00050 17.820 18.180 .0004950 .0005050 1
2303099 18.0 0.00080 17.820 18.180 .0007920 .0008080 1
2303100 18.0 0.00135 17.820 18.180 .0013365 .0013635 1
2303101 18.0 0.00250 17.820 18.180 .0024750 .0025250 1
2303102 18.0 0.00450 17.820 18.180 .0044550 .0045450 1
2303103 32.0 0.00060 31.680 32.320 .0005940 .0006060 1
2303104 32.0 0.00080 31.680 32.320 .0007920 .0008080 1
2303105 32.0 0.00140 31.680 32.320 .0013860 .0014140 1
2303106 32.0 0.00240 31.680 32.320 .0023760 .0024240 1
2303107 32.0 0.00320 31.680 32.320 .0031680 .0032320 1
2303108 32.0 0.00550 31.680 32.320 .0054450 .0055550 1
2303109 32.0 0.00800 31.680 32.320 .0079200 .0080800 1
2303110 60.0 0.00140 59.400 60.600 .0013860 .0014140 1
2303111 60.0 0.00200 59.400 60.600 .0019800 .0020200 1
2303112 60.0 0.00320 59.400 60.600 .0031680 .0032320 1
2303113 60.0 0.00500 59.400 60.600 .0049500 .0050500 1
2303114 60.0 0.00800 59.400 60.600 .0079200 .0080800 1
2303115 60.0 0.01500 59.400 60.600 .0148500 .0151500 1
2303116 120.0 0.00200 118.800 121.200 .0019800 .0020200 1
2303117 120.0 0.00320 118.800 121.200 .0031680 .0032320 1
2303118 120.0 0.00550 118.800 121.200 .0054450 .0055550 1
2303119 120.0 0.01000 118.800 121.200 .0099000 .0101000 1
2303120 120.0 0.02500 118.800 121.200 .0247500 .0252500 1
2303121 200.0 0.00500 198.000 202.000 .0049500 .0050500 1
2303122 200.0 0.01300 198.000 202.000 .0128700 .0131300 1
2303123 350.0 0.01000 346.500 353.500 .0099000 .0101000 1
2303124 350.0 0.02500 346.500 353.500 .0247500 .0252500 1
2303125 650.0 0.01300 643.500 656.500 .0128700 .0131300 1
2303126 650.0 0.03200 643.500 656.500 .0316800 .0323200 1
2303127 2000.0 0.05000 1980.000 2020.000 .0495000 .0505000 1
