2311431 0 0 5. 1000. 0. 1. 1
2311432 6.5 0.00015 6.435 6.565 .0001485 .0001515 1
2311433 6.5 0.00028 6.435 6.565 .0002772 .0002828 1
2311434 12 0.00043 11.88 12.12 .0004257 .0004343 1
2311435 12 0.00065 11.88 12.12 .0006435 .0006565 1
2311436 25 0.00043 24.75 25.25 .0004257 .0004343 1
2311437 25 0.0008 24.75 25.25 .000792 .000808 1
2311438 30 0.0016 29.70 30.30 .001584 .001616 1
2311439 30 0.0025 29.70 30.30 .002475 .002525 1
2311440 30 0.0045 29.70 30.30 .004455 .004545 1
2311441 80 0.0016 79.20 80.80 .001584 .001616 1
2311442 80 0.0025 79.20 80.80 .002475 .002525 1
2311443 80 0.0045 79.20 80.80 .004455 .004545 1
2311444 80 0.008 79.20 80.80 .00792 .00808 1
2311445 160 0.0035 158.40 161.60 .003465 .003535 1
2311446 160 0.008 158.40 161.60 .00792 .00808 1
2311447 160 0.02 158.40 161.60 .0198 .0202 1
2311448 600 0.013 594.00 606.00 .01287 .01313 1
2311449 600 0.035 594.00 606.00 .03465 .03535 1
2311450 0 0 5. 1000. 0. 1. 2
2311451 6.5 0.00015 6.435 6.565 .0001485 .0001515 2
2311452 6.5 0.00028 6.435 6.565 .0002772 .0002828 2
2311453 12 0.00043 11.88 12.12 .0004257 .0004343 2
2311454 12 0.00065 11.88 12.12 .0006435 .0006565 2
2311455 25 0.00043 24.75 25.25 .0004257 .0004343 2
2311456 25 0.0008 24.75 25.25 .000792 .000808 2
2311457 30 0.0016 29.70 30.30 .001584 .001616 2
2311458 30 0.0025 29.70 30.30 .002475 .002525 2
2311459 30 0.0045 29.70 30.30 .004455 .004545 2
2311460 80 0.0016 79.20 80.80 .001584 .001616 2
2311461 80 0.0025 79.20 80.80 .002475 .002525 2
2311462 80 0.0045 79.20 80.80 .004455 .004545 2
2311463 80 0.008 79.20 80.80 .00792 .00808 2
2311464 160 0.0035 158.40 161.60 .003465 .003535 2
2311465 160 0.008 158.40 161.60 .00792 .00808 2
2311466 160 0.02 158.40 161.60 .0198 .0202 2
2311467 600 0.013 594.00 606.00 .01287 .01313 2
2311468 600 0.035 594.00 606.00 .03465 .03535 2
2311469 0 0 5. 1000. 0. 1. 3
2311470 6.5 0.00015 6.435 6.565 .0001485 .0001515 3
2311471 6.5 0.00028 6.435 6.565 .0002772 .0002828 3
2311472 12 0.00043 11.88 12.12 .0004257 .0004343 3
2311473 12 0.00065 11.88 12.12 .0006435 .0006565 3
2311474 25 0.00043 24.75 25.25 .0004257 .0004343 3
2311475 25 0.0008 24.75 25.25 .000792 .000808 3
2311476 30 0.0016 29.70 30.30 .001584 .001616 3
2311477 30 0.0025 29.70 30.30 .002475 .002525 3
2311478 30 0.0045 29.70 30.30 .004455 .004545 3
2311479 80 0.0016 79.20 80.80 .001584 .001616 3
2311480 80 0.0025 79.20 80.80 .002475 .002525 3
2311481 80 0.0045 79.20 80.80 .004455 .004545 3
2311482 80 0.008 79.20 80.80 .00792 .00808 3
2311483 160 0.0035 158.40 161.60 .003465 .003535 3
2311484 160 0.008 158.40 161.60 .00792 .00808 3
2311485 160 0.02 158.40 161.60 .0198 .0202 3
2311486 600 0.013 594.00 606.00 .01287 .01313 3
2311487 600 0.035 594.00 606.00 .03465 .03535 3
2311488 0 0 5. 1000. 0. 1. 4
2311489 6.5 0.00015 6.435 6.565 .0001485 .0001515 4
2311490 6.5 0.00028 6.435 6.565 .0002772 .0002828 4
2311491 12 0.00043 11.88 12.12 .0004257 .0004343 4
2311492 12 0.00065 11.88 12.12 .0006435 .0006565 4
2311493 25 0.00043 24.75 25.25 .0004257 .0004343 4
2311494 25 0.0008 24.75 25.25 .000792 .000808 4
2311495 30 0.0016 29.70 30.30 .001584 .001616 4
2311496 30 0.0025 29.70 30.30 .002475 .002525 4
2311497 30 0.0045 29.70 30.30 .004455 .004545 4
2311498 80 0.0016 79.20 80.80 .001584 .001616 4
2311499 80 0.0025 79.20 80.80 .002475 .002525 4
2311500 80 0.0045 79.20 80.80 .004455 .004545 4
2311501 80 0.008 79.20 80.80 .00792 .00808 4
2311502 160 0.0035 158.40 161.60 .003465 .003535 4
2311503 160 0.008 158.40 161.60 .00792 .00808 4
2311504 160 0.02 158.40 161.60 .0198 .0202 4
2311505 600 0.013 594.00 606.00 .01287 .01313 4
2311506 600 0.035 594.00 606.00 .03465 .03535 4
2311507 0 0 5. 1000. 0. 1. 5
2311508 6.5 0.00015 6.435 6.565 .0001485 .0001515 5
2311509 6.5 0.00028 6.435 6.565 .0002772 .0002828 5
2311510 12 0.00043 11.88 12.12 .0004257 .0004343 5
2311511 12 0.00065 11.88 12.12 .0006435 .0006565 5
2311512 25 0.00043 24.75 25.25 .0004257 .0004343 5
2311513 25 0.0008 24.75 25.25 .000792 .000808 5
2311514 30 0.0016 29.70 30.30 .001584 .001616 5
2311515 30 0.0025 29.70 30.30 .002475 .002525 5
2311516 30 0.0045 29.70 30.30 .004455 .004545 5
2311517 80 0.0016 79.20 80.80 .001584 .001616 5
2311518 80 0.0025 79.20 80.80 .002475 .002525 5
2311519 80 0.0045 79.20 80.80 .004455 .004545 5
2311520 80 0.008 79.20 80.80 .00792 .00808 5
2311521 160 0.0035 158.40 161.60 .003465 .003535 5
2311522 160 0.008 158.40 161.60 .00792 .00808 5
2311523 160 0.02 158.40 161.60 .0198 .0202 5
2311524 600 0.013 594.00 606.00 .01287 .01313 5
2311525 600 0.035 594.00 606.00 .03465 .03535 5
2311526 0 0 5. 1000. 0. 1. 6
2311527 6.5 0.00015 6.435 6.565 .0001485 .0001515 6
2311528 6.5 0.00028 6.435 6.565 .0002772 .0002828 6
2311529 12 0.00043 11.88 12.12 .0004257 .0004343 6
2311530 12 0.00065 11.88 12.12 .0006435 .0006565 6
2311531 25 0.00043 24.75 25.25 .0004257 .0004343 6
2311532 25 0.0008 24.75 25.25 .000792 .000808 6
2311533 30 0.0016 29.70 30.30 .001584 .001616 6
2311534 30 0.0025 29.70 30.30 .002475 .002525 6
2311535 30 0.0045 29.70 30.30 .004455 .004545 6
2311536 80 0.0016 79.20 80.80 .001584 .001616 6
2311537 80 0.0025 79.20 80.80 .002475 .002525 6
2311538 80 0.0045 79.20 80.80 .004455 .004545 6
2311539 80 0.008 79.20 80.80 .00792 .00808 6
2311540 160 0.0035 158.40 161.60 .003465 .003535 6
2311541 160 0.008 158.40 161.60 .00792 .00808 6
2311542 160 0.02 158.40 161.60 .0198 .0202 6
2311543 600 0.013 594.00 606.00 .01287 .01313 6
2311544 600 0.035 594.00 606.00 .03465 .03535 6
2311545 0 0 5. 1000. 0. 1. 7
2311546 6.5 0.00015 6.435 6.565 .0001485 .0001515 7
2311547 6.5 0.00028 6.435 6.565 .0002772 .0002828 7
2311548 12 0.00043 11.88 12.12 .0004257 .0004343 7
2311549 12 0.00065 11.88 12.12 .0006435 .0006565 7
2311550 25 0.00043 24.75 25.25 .0004257 .0004343 7
2311551 25 0.0008 24.75 25.25 .000792 .000808 7
2311552 30 0.0016 29.70 30.30 .001584 .001616 7
2311553 30 0.0025 29.70 30.30 .002475 .002525 7
2311554 30 0.0045 29.70 30.30 .004455 .004545 7
2311555 80 0.0016 79.20 80.80 .001584 .001616 7
2311556 80 0.0025 79.20 80.80 .002475 .002525 7
2311557 80 0.0045 79.20 80.80 .004455 .004545 7
2311558 80 0.008 79.20 80.80 .00792 .00808 7
2311559 160 0.0035 158.40 161.60 .003465 .003535 7
2311560 160 0.008 158.40 161.60 .00792 .00808 7
2311561 160 0.02 158.40 161.60 .0198 .0202 7
2311562 600 0.013 594.00 606.00 .01287 .01313 7
2311563 600 0.035 594.00 606.00 .03465 .03535 7
