2176793 0 0 5. 1000. 0. 1. 1
2176794 6.5 0.00015 6.435 6.565 .0001485 .0001515 1
2176795 6.5 0.00028 6.435 6.565 .0002772 .0002828 1
2176796 6.5 0.0005 6.435 6.565 .000495 .000505 1
2176797 6.5 0.0008 6.435 6.565 .000792 .000808 1
2176798 6.5 0.001 6.435 6.565 .00099 .00101 1
2176799 6.5 0.0015 6.435 6.565 .001485 .001515 1
2176800 12 0.0002 11.88 12.12 .000198 .000202 1
2176801 12 0.00043 11.88 12.12 .0004257 .0004343 1
2176802 12 0.00065 11.88 12.12 .0006435 .0006565 1
2176803 12 0.001 11.88 12.12 .00099 .00101 1
2176804 12 0.002 11.88 12.12 .00198 .00202 1
2176805 25 0.00043 24.75 25.25 .0004257 .0004343 1
2176806 25 0.0008 24.75 25.25 .000792 .000808 1
2176807 25 0.002 24.75 25.25 .00198 .00202 1
2176808 25 0.005 24.75 25.25 .00495 .00505 1
2176809 30 0.0005 29.70 30.30 .000495 .000505 1
2176810 30 0.0016 29.70 30.30 .001584 .001616 1
2176811 30 0.0025 29.70 30.30 .002475 .002525 1
2176812 30 0.0045 29.70 30.30 .004455 .004545 1
2176813 30 0.008 29.70 30.30 .00792 .00808 1
2176814 80 0.0016 79.20 80.80 .001584 .001616 1
2176815 80 0.0025 79.20 80.80 .002475 .002525 1
2176816 80 0.0045 79.20 80.80 .004455 .004545 1
2176817 80 0.008 79.20 80.80 .00792 .00808 1
2176818 80 0.01 79.20 80.80 .0099 .0101 1
2176819 80 0.02 79.20 80.80 .0198 .0202 1
2176820 160 0.0025 158.40 161.60 .002475 .002525 1
2176821 160 0.0035 158.40 161.60 .003465 .003535 1
2176822 160 0.008 158.40 161.60 .00792 .00808 1
2176823 160 0.02 158.40 161.60 .0198 .0202 1
2176824 160 0.04 158.40 161.60 .0396 .0404 1
2176825 600 0.009 594.00 606.00 .00891 .00909 1
2176826 600 0.013 594.00 606.00 .01287 .01313 1
2176827 600 0.035 594.00 606.00 .03465 .03535 1
2176828 600 0.07 594.00 606.00 .0693 .0707 1
2176829 0 0 5. 1000. 0. 1. 2
2176830 6.5 0.00015 6.435 6.565 .0001485 .0001515 2
2176831 6.5 0.00028 6.435 6.565 .0002772 .0002828 2
2176832 6.5 0.0005 6.435 6.565 .000495 .000505 2
2176833 6.5 0.0008 6.435 6.565 .000792 .000808 2
2176834 6.5 0.001 6.435 6.565 .00099 .00101 2
2176835 6.5 0.0015 6.435 6.565 .001485 .001515 2
2176836 12 0.0002 11.88 12.12 .000198 .000202 2
2176837 12 0.00043 11.88 12.12 .0004257 .0004343 2
2176838 12 0.00065 11.88 12.12 .0006435 .0006565 2
2176839 12 0.001 11.88 12.12 .00099 .00101 2
2176840 12 0.002 11.88 12.12 .00198 .00202 2
2176841 25 0.00043 24.75 25.25 .0004257 .0004343 2
2176842 25 0.0008 24.75 25.25 .000792 .000808 2
2176843 25 0.002 24.75 25.25 .00198 .00202 2
2176844 25 0.005 24.75 25.25 .00495 .00505 2
2176845 30 0.0005 29.70 30.30 .000495 .000505 2
2176846 30 0.0016 29.70 30.30 .001584 .001616 2
2176847 30 0.0025 29.70 30.30 .002475 .002525 2
2176848 30 0.0045 29.70 30.30 .004455 .004545 2
2176849 30 0.008 29.70 30.30 .00792 .00808 2
2176850 80 0.0016 79.20 80.80 .001584 .001616 2
2176851 80 0.0025 79.20 80.80 .002475 .002525 2
2176852 80 0.0045 79.20 80.80 .004455 .004545 2
2176853 80 0.008 79.20 80.80 .00792 .00808 2
2176854 80 0.01 79.20 80.80 .0099 .0101 2
2176855 80 0.02 79.20 80.80 .0198 .0202 2
2176856 160 0.0025 158.40 161.60 .002475 .002525 2
2176857 160 0.0035 158.40 161.60 .003465 .003535 2
2176858 160 0.008 158.40 161.60 .00792 .00808 2
2176859 160 0.02 158.40 161.60 .0198 .0202 2
2176860 160 0.04 158.40 161.60 .0396 .0404 2
2176861 600 0.009 594.00 606.00 .00891 .00909 2
2176862 600 0.013 594.00 606.00 .01287 .01313 2
2176863 600 0.035 594.00 606.00 .03465 .03535 2
2176864 600 0.07 594.00 606.00 .0693 .0707 2
2176865 0 0 5. 1000. 0. 1. 3
2176866 6.5 0.00015 6.435 6.565 .0001485 .0001515 3
2176867 6.5 0.00028 6.435 6.565 .0002772 .0002828 3
2176868 6.5 0.0005 6.435 6.565 .000495 .000505 3
2176869 6.5 0.0008 6.435 6.565 .000792 .000808 3
2176870 6.5 0.001 6.435 6.565 .00099 .00101 3
2176871 6.5 0.0015 6.435 6.565 .001485 .001515 3
2176872 12 0.0002 11.88 12.12 .000198 .000202 3
2176873 12 0.00043 11.88 12.12 .0004257 .0004343 3
2176874 12 0.00065 11.88 12.12 .0006435 .0006565 3
2176875 12 0.001 11.88 12.12 .00099 .00101 3
2176876 12 0.002 11.88 12.12 .00198 .00202 3
2176877 25 0.00043 24.75 25.25 .0004257 .0004343 3
2176878 25 0.0008 24.75 25.25 .000792 .000808 3
2176879 25 0.002 24.75 25.25 .00198 .00202 3
2176880 25 0.005 24.75 25.25 .00495 .00505 3
2176881 30 0.0005 29.70 30.30 .000495 .000505 3
2176882 30 0.0016 29.70 30.30 .001584 .001616 3
2176883 30 0.0025 29.70 30.30 .002475 .002525 3
2176884 30 0.0045 29.70 30.30 .004455 .004545 3
2176885 30 0.008 29.70 30.30 .00792 .00808 3
2176886 80 0.0016 79.20 80.80 .001584 .001616 3
2176887 80 0.0025 79.20 80.80 .002475 .002525 3
2176888 80 0.0045 79.20 80.80 .004455 .004545 3
2176889 80 0.008 79.20 80.80 .00792 .00808 3
2176890 80 0.01 79.20 80.80 .0099 .0101 3
2176891 80 0.02 79.20 80.80 .0198 .0202 3
2176892 160 0.0025 158.40 161.60 .002475 .002525 3
2176893 160 0.0035 158.40 161.60 .003465 .003535 3
2176894 160 0.008 158.40 161.60 .00792 .00808 3
2176895 160 0.02 158.40 161.60 .0198 .0202 3
2176896 160 0.04 158.40 161.60 .0396 .0404 3
2176897 600 0.009 594.00 606.00 .00891 .00909 3
2176898 600 0.013 594.00 606.00 .01287 .01313 3
2176899 600 0.035 594.00 606.00 .03465 .03535 3
2176900 600 0.07 594.00 606.00 .0693 .0707 3
2176901 0 0 5. 1000. 0. 1. 4
2176902 6.5 0.00015 6.435 6.565 .0001485 .0001515 4
2176903 6.5 0.00028 6.435 6.565 .0002772 .0002828 4
2176904 6.5 0.0005 6.435 6.565 .000495 .000505 4
2176905 6.5 0.0008 6.435 6.565 .000792 .000808 4
2176906 6.5 0.001 6.435 6.565 .00099 .00101 4
2176907 6.5 0.0015 6.435 6.565 .001485 .001515 4
2176908 12 0.0002 11.88 12.12 .000198 .000202 4
2176909 12 0.00043 11.88 12.12 .0004257 .0004343 4
2176910 12 0.00065 11.88 12.12 .0006435 .0006565 4
2176911 12 0.001 11.88 12.12 .00099 .00101 4
2176912 12 0.002 11.88 12.12 .00198 .00202 4
2176913 25 0.00043 24.75 25.25 .0004257 .0004343 4
2176914 25 0.0008 24.75 25.25 .000792 .000808 4
2176915 25 0.002 24.75 25.25 .00198 .00202 4
2176916 25 0.005 24.75 25.25 .00495 .00505 4
2176917 30 0.0005 29.70 30.30 .000495 .000505 4
2176918 30 0.0016 29.70 30.30 .001584 .001616 4
2176919 30 0.0025 29.70 30.30 .002475 .002525 4
2176920 30 0.0045 29.70 30.30 .004455 .004545 4
2176921 30 0.008 29.70 30.30 .00792 .00808 4
2176922 80 0.0016 79.20 80.80 .001584 .001616 4
2176923 80 0.0025 79.20 80.80 .002475 .002525 4
2176924 80 0.0045 79.20 80.80 .004455 .004545 4
2176925 80 0.008 79.20 80.80 .00792 .00808 4
2176926 80 0.01 79.20 80.80 .0099 .0101 4
2176927 80 0.02 79.20 80.80 .0198 .0202 4
2176928 160 0.0025 158.40 161.60 .002475 .002525 4
2176929 160 0.0035 158.40 161.60 .003465 .003535 4
2176930 160 0.008 158.40 161.60 .00792 .00808 4
2176931 160 0.02 158.40 161.60 .0198 .0202 4
2176932 160 0.04 158.40 161.60 .0396 .0404 4
2176933 600 0.009 594.00 606.00 .00891 .00909 4
2176934 600 0.013 594.00 606.00 .01287 .01313 4
2176935 600 0.035 594.00 606.00 .03465 .03535 4
2176936 600 0.07 594.00 606.00 .0693 .0707 4
2176937 0 0 5. 1000. 0. 1. 5
2176938 6.5 0.00015 6.435 6.565 .0001485 .0001515 5
2176939 6.5 0.00028 6.435 6.565 .0002772 .0002828 5
2176940 6.5 0.0005 6.435 6.565 .000495 .000505 5
2176941 6.5 0.0008 6.435 6.565 .000792 .000808 5
2176942 6.5 0.001 6.435 6.565 .00099 .00101 5
2176943 6.5 0.0015 6.435 6.565 .001485 .001515 5
2176944 12 0.0002 11.88 12.12 .000198 .000202 5
2176945 12 0.00043 11.88 12.12 .0004257 .0004343 5
2176946 12 0.00065 11.88 12.12 .0006435 .0006565 5
2176947 12 0.001 11.88 12.12 .00099 .00101 5
2176948 12 0.002 11.88 12.12 .00198 .00202 5
2176949 25 0.00043 24.75 25.25 .0004257 .0004343 5
2176950 25 0.0008 24.75 25.25 .000792 .000808 5
2176951 25 0.002 24.75 25.25 .00198 .00202 5
2176952 25 0.005 24.75 25.25 .00495 .00505 5
2176953 30 0.0005 29.70 30.30 .000495 .000505 5
2176954 30 0.0016 29.70 30.30 .001584 .001616 5
2176955 30 0.0025 29.70 30.30 .002475 .002525 5
2176956 30 0.0045 29.70 30.30 .004455 .004545 5
2176957 30 0.008 29.70 30.30 .00792 .00808 5
2176958 80 0.0016 79.20 80.80 .001584 .001616 5
2176959 80 0.0025 79.20 80.80 .002475 .002525 5
2176960 80 0.0045 79.20 80.80 .004455 .004545 5
2176961 80 0.008 79.20 80.80 .00792 .00808 5
2176962 80 0.01 79.20 80.80 .0099 .0101 5
2176963 80 0.02 79.20 80.80 .0198 .0202 5
2176964 160 0.0025 158.40 161.60 .002475 .002525 5
2176965 160 0.0035 158.40 161.60 .003465 .003535 5
2176966 160 0.008 158.40 161.60 .00792 .00808 5
2176967 160 0.02 158.40 161.60 .0198 .0202 5
2176968 160 0.04 158.40 161.60 .0396 .0404 5
2176969 600 0.009 594.00 606.00 .00891 .00909 5
2176970 600 0.013 594.00 606.00 .01287 .01313 5
2176971 600 0.035 594.00 606.00 .03465 .03535 5
2176972 600 0.07 594.00 606.00 .0693 .0707 5
2176973 0 0 5. 1000. 0. 1. 6
2176974 6.5 0.00015 6.435 6.565 .0001485 .0001515 6
2176975 6.5 0.00028 6.435 6.565 .0002772 .0002828 6
2176976 6.5 0.0005 6.435 6.565 .000495 .000505 6
2176977 6.5 0.0008 6.435 6.565 .000792 .000808 6
2176978 6.5 0.001 6.435 6.565 .00099 .00101 6
2176979 6.5 0.0015 6.435 6.565 .001485 .001515 6
2176980 12 0.0002 11.88 12.12 .000198 .000202 6
2176981 12 0.00043 11.88 12.12 .0004257 .0004343 6
2176982 12 0.00065 11.88 12.12 .0006435 .0006565 6
2176983 12 0.001 11.88 12.12 .00099 .00101 6
2176984 12 0.002 11.88 12.12 .00198 .00202 6
2176985 25 0.00043 24.75 25.25 .0004257 .0004343 6
2176986 25 0.0008 24.75 25.25 .000792 .000808 6
2176987 25 0.002 24.75 25.25 .00198 .00202 6
2176988 25 0.005 24.75 25.25 .00495 .00505 6
2176989 30 0.0005 29.70 30.30 .000495 .000505 6
2176990 30 0.0016 29.70 30.30 .001584 .001616 6
2176991 30 0.0025 29.70 30.30 .002475 .002525 6
2176992 30 0.0045 29.70 30.30 .004455 .004545 6
2176993 30 0.008 29.70 30.30 .00792 .00808 6
2176994 80 0.0016 79.20 80.80 .001584 .001616 6
2176995 80 0.0025 79.20 80.80 .002475 .002525 6
2176996 80 0.0045 79.20 80.80 .004455 .004545 6
2176997 80 0.008 79.20 80.80 .00792 .00808 6
2176998 80 0.01 79.20 80.80 .0099 .0101 6
2176999 80 0.02 79.20 80.80 .0198 .0202 6
2177000 160 0.0025 158.40 161.60 .002475 .002525 6
2177001 160 0.0035 158.40 161.60 .003465 .003535 6
2177002 160 0.008 158.40 161.60 .00792 .00808 6
2177003 160 0.02 158.40 161.60 .0198 .0202 6
2177004 160 0.04 158.40 161.60 .0396 .0404 6
2177005 600 0.009 594.00 606.00 .00891 .00909 6
2177006 600 0.013 594.00 606.00 .01287 .01313 6
2177007 600 0.035 594.00 606.00 .03465 .03535 6
2177008 600 0.07 594.00 606.00 .0693 .0707 6
2177009 0 0 5. 1000. 0. 1. 7
2177010 6.5 0.00015 6.435 6.565 .0001485 .0001515 7
2177011 6.5 0.00028 6.435 6.565 .0002772 .0002828 7
2177012 6.5 0.0005 6.435 6.565 .000495 .000505 7
2177013 6.5 0.0008 6.435 6.565 .000792 .000808 7
2177014 6.5 0.001 6.435 6.565 .00099 .00101 7
2177015 6.5 0.0015 6.435 6.565 .001485 .001515 7
2177016 12 0.0002 11.88 12.12 .000198 .000202 7
2177017 12 0.00043 11.88 12.12 .0004257 .0004343 7
2177018 12 0.00065 11.88 12.12 .0006435 .0006565 7
2177019 12 0.001 11.88 12.12 .00099 .00101 7
2177020 12 0.002 11.88 12.12 .00198 .00202 7
2177021 25 0.00043 24.75 25.25 .0004257 .0004343 7
2177022 25 0.0008 24.75 25.25 .000792 .000808 7
2177023 25 0.002 24.75 25.25 .00198 .00202 7
2177024 25 0.005 24.75 25.25 .00495 .00505 7
2177025 30 0.0005 29.70 30.30 .000495 .000505 7
2177026 30 0.0016 29.70 30.30 .001584 .001616 7
2177027 30 0.0025 29.70 30.30 .002475 .002525 7
2177028 30 0.0045 29.70 30.30 .004455 .004545 7
2177029 30 0.008 29.70 30.30 .00792 .00808 7
2177030 80 0.0016 79.20 80.80 .001584 .001616 7
2177031 80 0.0025 79.20 80.80 .002475 .002525 7
2177032 80 0.0045 79.20 80.80 .004455 .004545 7
2177033 80 0.008 79.20 80.80 .00792 .00808 7
2177034 80 0.01 79.20 80.80 .0099 .0101 7
2177035 80 0.02 79.20 80.80 .0198 .0202 7
2177036 160 0.0025 158.40 161.60 .002475 .002525 7
2177037 160 0.0035 158.40 161.60 .003465 .003535 7
2177038 160 0.008 158.40 161.60 .00792 .00808 7
2177039 160 0.02 158.40 161.60 .0198 .0202 7
2177040 160 0.04 158.40 161.60 .0396 .0404 7
2177041 600 0.009 594.00 606.00 .00891 .00909 7
2177042 600 0.013 594.00 606.00 .01287 .01313 7
2177043 600 0.035 594.00 606.00 .03465 .03535 7
2177044 600 0.07 594.00 606.00 .0693 .0707 7
