2168543 0 0 5. 1000. 0. 1. 1
2168544 6.5 0.00015 6.435 6.565 .0001485 .0001515 1
2168545 6.5 0.00028 6.435 6.565 .0002772 .0002828 1
2168546 12 0.00043 11.88 12.12 .0004257 .0004343 1
2168547 12 0.00065 11.88 12.12 .0006435 .0006565 1
2168548 25 0.00043 24.75 25.25 .0004257 .0004343 1
2168549 25 0.0008 24.75 25.25 .000792 .000808 1
2168550 30 0.0016 29.70 30.30 .001584 .001616 1
2168551 30 0.0025 29.70 30.30 .002475 .002525 1
2168552 30 0.0045 29.70 30.30 .004455 .004545 1
2168553 80 0.0016 79.20 80.80 .001584 .001616 1
2168554 80 0.0025 79.20 80.80 .002475 .002525 1
2168555 80 0.0045 79.20 80.80 .004455 .004545 1
2168556 80 0.008 79.20 80.80 .00792 .00808 1
2168557 160 0.0035 158.40 161.60 .003465 .003535 1
2168558 160 0.008 158.40 161.60 .00792 .00808 1
2168559 160 0.02 158.40 161.60 .0198 .0202 1
2168560 600 0.013 594.00 606.00 .01287 .01313 1
2168561 600 0.035 594.00 606.00 .03465 .03535 1
