2422621 0 0 5. 1000. 0. 1. 1
2422622 2.5 0.00003 2.475 2.525 .0000297 .0000303 1
2422623 2.5 0.00007 2.475 2.525 .0000693 .0000707 1
2422624 2.5 0.00013 2.475 2.525 .0001287 .0001313 1
2422625 2.5 0.00018 2.475 2.525 .0001782 .0001818 1
2422626 2.5 0.00035 2.475 2.525 .0003465 .0003535 1
2422627 5.0 0.00007 4.950 5.050 .0000693 .0000707 1
2422628 5.0 0.00018 4.950 5.050 .0001782 .0001818 1
2422629 5.0 0.00035 4.950 5.050 .0003465 .0003535 1
2422630 5.0 0.00100 4.950 5.050 .0009900 .0010100 1
2422631 7.0 0.00013 6.930 7.070 .0001287 .0001313 1
2422632 7.0 0.00018 6.930 7.070 .0001782 .0001818 1
2422633 7.0 0.00030 6.930 7.070 .0002970 .0003030 1
2422634 7.0 0.00050 6.930 7.070 .0004950 .0005050 1
2422635 7.0 0.00080 6.930 7.070 .0007920 .0008080 1
2422636 7.0 0.00160 6.930 7.070 .0015840 .0016160 1
2422637 12.0 0.00022 11.880 12.120 .0002178 .0002222 1
2422638 12.0 0.00032 11.880 12.120 .0003168 .0003232 1
2422639 12.0 0.00050 11.880 12.120 .0004950 .0005050 1
2422640 12.0 0.00080 11.880 12.120 .0007920 .0008080 1
2422641 12.0 0.00150 11.880 12.120 .0014850 .0015150 1
2422642 12.0 0.00300 11.880 12.120 .0029700 .0030300 1
2422643 18.0 0.00035 17.820 18.180 .0003465 .0003535 1
2422644 18.0 0.00050 17.820 18.180 .0004950 .0005050 1
2422645 18.0 0.00080 17.820 18.180 .0007920 .0008080 1
2422646 18.0 0.00135 17.820 18.180 .0013365 .0013635 1
2422647 18.0 0.00250 17.820 18.180 .0024750 .0025250 1
2422648 18.0 0.00450 17.820 18.180 .0044550 .0045450 1
2422649 32.0 0.00060 31.680 32.320 .0005940 .0006060 1
2422650 32.0 0.00080 31.680 32.320 .0007920 .0008080 1
2422651 32.0 0.00140 31.680 32.320 .0013860 .0014140 1
2422652 32.0 0.00240 31.680 32.320 .0023760 .0024240 1
2422653 32.0 0.00320 31.680 32.320 .0031680 .0032320 1
2422654 32.0 0.00550 31.680 32.320 .0054450 .0055550 1
2422655 32.0 0.00800 31.680 32.320 .0079200 .0080800 1
2422656 60.0 0.00140 59.400 60.600 .0013860 .0014140 1
2422657 60.0 0.00200 59.400 60.600 .0019800 .0020200 1
2422658 60.0 0.00320 59.400 60.600 .0031680 .0032320 1
2422659 60.0 0.00500 59.400 60.600 .0049500 .0050500 1
2422660 60.0 0.00800 59.400 60.600 .0079200 .0080800 1
2422661 60.0 0.01500 59.400 60.600 .0148500 .0151500 1
2422662 120.0 0.00200 118.800 121.200 .0019800 .0020200 1
2422663 120.0 0.00320 118.800 121.200 .0031680 .0032320 1
2422664 120.0 0.00550 118.800 121.200 .0054450 .0055550 1
2422665 120.0 0.01000 118.800 121.200 .0099000 .0101000 1
2422666 120.0 0.02500 118.800 121.200 .0247500 .0252500 1
2422667 200.0 0.00500 198.000 202.000 .0049500 .0050500 1
2422668 200.0 0.01300 198.000 202.000 .0128700 .0131300 1
2422669 350.0 0.01000 346.500 353.500 .0099000 .0101000 1
2422670 350.0 0.02500 346.500 353.500 .0247500 .0252500 1
2422671 650.0 0.01300 643.500 656.500 .0128700 .0131300 1
2422672 650.0 0.03200 643.500 656.500 .0316800 .0323200 1
2422673 2000.0 0.05000 1980.000 2020.000 .0495000 .0505000 1
