2437751 0 0 5. 1000. 0. 1. 1
2437752 6.5 0.00013 6.435 6.565 .0001287 .0001313 1
2437753 6.5 0.0002 6.435 6.565 .000198 .000202 1
2437754 10 0.0005 9.90 10.10 .000495 .000505 1
2437755 12 0.0005 11.88 12.12 .000495 .000505 1
2437756 22 0.0005 21.78 22.22 .000495 .000505 1
2437757 25 0.0005 24.75 25.25 .000495 .000505 1
2437758 30 0.0013 29.70 30.30 .001287 .001313 1
2437759 30 0.002 29.70 30.30 .00198 .00202 1
2437760 30 0.005 29.70 30.30 .00495 .00505 1
2437761 80 0.0013 79.20 80.80 .001287 .001313 1
2437762 80 0.002 79.20 80.80 .00198 .00202 1
2437763 80 0.005 79.20 80.80 .00495 .00505 1
2437764 160 0.005 158.40 161.60 .00495 .00505 1
2437765 160 0.013 158.40 161.60 .01287 .01313 1
2437766 160 0.032 158.40 161.60 .03168 .03232 1
2437767 600 0.013 594.00 606.00 .01287 .01313 1
2437768 600 0.032 594.00 606.00 .03168 .03232 1
