2166308 0 0 5. 1000. 0. 1. 1
2166309 6.5 0.00015 6.435 6.565 .0001485 .0001515 1
2166310 6.5 0.00028 6.435 6.565 .0002772 .0002828 1
2166311 6.5 0.0005 6.435 6.565 .000495 .000505 1
2166312 6.5 0.0008 6.435 6.565 .000792 .000808 1
2166313 6.5 0.001 6.435 6.565 .00099 .00101 1
2166314 12 0.0002 11.88 12.12 .000198 .000202 1
2166315 12 0.00043 11.88 12.12 .0004257 .0004343 1
2166316 12 0.00065 11.88 12.12 .0006435 .0006565 1
2166317 12 0.001 11.88 12.12 .00099 .00101 1
2166318 12 0.002 11.88 12.12 .00198 .00202 1
2166319 25 0.00043 24.75 25.25 .0004257 .0004343 1
2166320 25 0.0008 24.75 25.25 .000792 .000808 1
2166321 25 0.002 24.75 25.25 .00198 .00202 1
2166322 25 0.004 24.75 25.25 .00396 .00404 1
2166323 30 0.0005 29.70 30.30 .000495 .000505 1
2166324 30 0.0016 29.70 30.30 .001584 .001616 1
2166325 30 0.0025 29.70 30.30 .002475 .002525 1
2166326 30 0.0045 29.70 30.30 .004455 .004545 1
2166328 80 0.0016 79.20 80.80 .001584 .001616 1
2166329 80 0.0025 79.20 80.80 .002475 .002525 1
2166330 80 0.0045 79.20 80.80 .004455 .004545 1
2166331 80 0.008 79.20 80.80 .00792 .00808 1
2166332 80 0.01 79.20 80.80 .0099 .0101 1
2166333 160 0.0025 158.40 161.60 .002475 .002525 1
2166334 160 0.0035 158.40 161.60 .003465 .003535 1
2166335 160 0.008 158.40 161.60 .00792 .00808 1
2166336 160 0.02 158.40 161.60 .0198 .0202 1
2166337 160 0.03 158.40 161.60 .0297 .0303 1
2166338 600 0.009 594.00 606.00 .00891 .00909 1
2166339 600 0.013 594.00 606.00 .01287 .01313 1
2166340 600 0.035 594.00 606.00 .03465 .03535 1
2166341 600 0.07 594.00 606.00 .0693 .0707 1
2166342 0 0 5. 1000. 0. 1. 2
2166343 6.5 0.00015 6.435 6.565 .0001485 .0001515 2
2166344 6.5 0.00028 6.435 6.565 .0002772 .0002828 2
2166345 6.5 0.0005 6.435 6.565 .000495 .000505 2
2166346 6.5 0.0008 6.435 6.565 .000792 .000808 2
2166347 6.5 0.001 6.435 6.565 .00099 .00101 2
2166348 12 0.0002 11.88 12.12 .000198 .000202 2
2166349 12 0.00043 11.88 12.12 .0004257 .0004343 2
2166350 12 0.00065 11.88 12.12 .0006435 .0006565 2
2166351 12 0.001 11.88 12.12 .00099 .00101 2
2166352 12 0.002 11.88 12.12 .00198 .00202 2
2166353 25 0.00043 24.75 25.25 .0004257 .0004343 2
2166354 25 0.0008 24.75 25.25 .000792 .000808 2
2166355 25 0.002 24.75 25.25 .00198 .00202 2
2166356 25 0.004 24.75 25.25 .00396 .00404 2
2166357 30 0.0005 29.70 30.30 .000495 .000505 2
2166358 30 0.0016 29.70 30.30 .001584 .001616 2
2166359 30 0.0025 29.70 30.30 .002475 .002525 2
2166360 30 0.0045 29.70 30.30 .004455 .004545 2
2166362 80 0.0016 79.20 80.80 .001584 .001616 2
2166363 80 0.0025 79.20 80.80 .002475 .002525 2
2166364 80 0.0045 79.20 80.80 .004455 .004545 2
2166365 80 0.008 79.20 80.80 .00792 .00808 2
2166366 80 0.01 79.20 80.80 .0099 .0101 2
2166367 160 0.0025 158.40 161.60 .002475 .002525 2
2166368 160 0.0035 158.40 161.60 .003465 .003535 2
2166369 160 0.008 158.40 161.60 .00792 .00808 2
2166370 160 0.02 158.40 161.60 .0198 .0202 2
2166371 160 0.03 158.40 161.60 .0297 .0303 2
2166372 600 0.009 594.00 606.00 .00891 .00909 2
2166373 600 0.013 594.00 606.00 .01287 .01313 2
2166374 600 0.035 594.00 606.00 .03465 .03535 2
2166375 600 0.07 594.00 606.00 .0693 .0707 2
2166376 0 0 5. 1000. 0. 1. 3
2166377 6.5 0.00015 6.435 6.565 .0001485 .0001515 3
2166378 6.5 0.00028 6.435 6.565 .0002772 .0002828 3
2166379 6.5 0.0005 6.435 6.565 .000495 .000505 3
2166380 6.5 0.0008 6.435 6.565 .000792 .000808 3
2166381 6.5 0.001 6.435 6.565 .00099 .00101 3
2166382 12 0.0002 11.88 12.12 .000198 .000202 3
2166383 12 0.00043 11.88 12.12 .0004257 .0004343 3
2166384 12 0.00065 11.88 12.12 .0006435 .0006565 3
2166385 12 0.001 11.88 12.12 .00099 .00101 3
2166386 12 0.002 11.88 12.12 .00198 .00202 3
2166387 25 0.00043 24.75 25.25 .0004257 .0004343 3
2166388 25 0.0008 24.75 25.25 .000792 .000808 3
2166389 25 0.002 24.75 25.25 .00198 .00202 3
2166390 25 0.004 24.75 25.25 .00396 .00404 3
2166391 30 0.0005 29.70 30.30 .000495 .000505 3
2166392 30 0.0016 29.70 30.30 .001584 .001616 3
2166393 30 0.0025 29.70 30.30 .002475 .002525 3
2166394 30 0.0045 29.70 30.30 .004455 .004545 3
2166396 80 0.0016 79.20 80.80 .001584 .001616 3
2166397 80 0.0025 79.20 80.80 .002475 .002525 3
2166398 80 0.0045 79.20 80.80 .004455 .004545 3
2166399 80 0.008 79.20 80.80 .00792 .00808 3
2166400 80 0.01 79.20 80.80 .0099 .0101 3
2166401 160 0.0025 158.40 161.60 .002475 .002525 3
2166402 160 0.0035 158.40 161.60 .003465 .003535 3
2166403 160 0.008 158.40 161.60 .00792 .00808 3
2166404 160 0.02 158.40 161.60 .0198 .0202 3
2166405 160 0.03 158.40 161.60 .0297 .0303 3
2166406 600 0.009 594.00 606.00 .00891 .00909 3
2166407 600 0.013 594.00 606.00 .01287 .01313 3
2166408 600 0.035 594.00 606.00 .03465 .03535 3
2166409 600 0.07 594.00 606.00 .0693 .0707 3
2166410 0 0 5. 1000. 0. 1. 4
2166411 6.5 0.00015 6.435 6.565 .0001485 .0001515 4
2166412 6.5 0.00028 6.435 6.565 .0002772 .0002828 4
2166413 6.5 0.0005 6.435 6.565 .000495 .000505 4
2166414 6.5 0.0008 6.435 6.565 .000792 .000808 4
2166415 6.5 0.001 6.435 6.565 .00099 .00101 4
2166416 12 0.0002 11.88 12.12 .000198 .000202 4
2166417 12 0.00043 11.88 12.12 .0004257 .0004343 4
2166418 12 0.00065 11.88 12.12 .0006435 .0006565 4
2166419 12 0.001 11.88 12.12 .00099 .00101 4
2166420 12 0.002 11.88 12.12 .00198 .00202 4
2166421 25 0.00043 24.75 25.25 .0004257 .0004343 4
2166422 25 0.0008 24.75 25.25 .000792 .000808 4
2166423 25 0.002 24.75 25.25 .00198 .00202 4
2166424 25 0.004 24.75 25.25 .00396 .00404 4
2166425 30 0.0005 29.70 30.30 .000495 .000505 4
2166426 30 0.0016 29.70 30.30 .001584 .001616 4
2166427 30 0.0025 29.70 30.30 .002475 .002525 4
2166428 30 0.0045 29.70 30.30 .004455 .004545 4
2166430 80 0.0016 79.20 80.80 .001584 .001616 4
2166431 80 0.0025 79.20 80.80 .002475 .002525 4
2166432 80 0.0045 79.20 80.80 .004455 .004545 4
2166433 80 0.008 79.20 80.80 .00792 .00808 4
2166434 80 0.01 79.20 80.80 .0099 .0101 4
2166435 160 0.0025 158.40 161.60 .002475 .002525 4
2166436 160 0.0035 158.40 161.60 .003465 .003535 4
2166437 160 0.008 158.40 161.60 .00792 .00808 4
2166438 160 0.02 158.40 161.60 .0198 .0202 4
2166439 160 0.03 158.40 161.60 .0297 .0303 4
2166440 600 0.009 594.00 606.00 .00891 .00909 4
2166441 600 0.013 594.00 606.00 .01287 .01313 4
2166442 600 0.035 594.00 606.00 .03465 .03535 4
2166443 600 0.07 594.00 606.00 .0693 .0707 4
2166444 0 0 5. 1000. 0. 1. 5
2166445 6.5 0.00015 6.435 6.565 .0001485 .0001515 5
2166446 6.5 0.00028 6.435 6.565 .0002772 .0002828 5
2166447 6.5 0.0005 6.435 6.565 .000495 .000505 5
2166448 6.5 0.0008 6.435 6.565 .000792 .000808 5
2166449 6.5 0.001 6.435 6.565 .00099 .00101 5
2166450 12 0.0002 11.88 12.12 .000198 .000202 5
2166451 12 0.00043 11.88 12.12 .0004257 .0004343 5
2166452 12 0.00065 11.88 12.12 .0006435 .0006565 5
2166453 12 0.001 11.88 12.12 .00099 .00101 5
2166454 12 0.002 11.88 12.12 .00198 .00202 5
2166455 25 0.00043 24.75 25.25 .0004257 .0004343 5
2166456 25 0.0008 24.75 25.25 .000792 .000808 5
2166457 25 0.002 24.75 25.25 .00198 .00202 5
2166458 25 0.004 24.75 25.25 .00396 .00404 5
2166459 30 0.0005 29.70 30.30 .000495 .000505 5
2166460 30 0.0016 29.70 30.30 .001584 .001616 5
2166461 30 0.0025 29.70 30.30 .002475 .002525 5
2166462 30 0.0045 29.70 30.30 .004455 .004545 5
2166464 80 0.0016 79.20 80.80 .001584 .001616 5
2166465 80 0.0025 79.20 80.80 .002475 .002525 5
2166466 80 0.0045 79.20 80.80 .004455 .004545 5
2166467 80 0.008 79.20 80.80 .00792 .00808 5
2166468 80 0.01 79.20 80.80 .0099 .0101 5
2166469 160 0.0025 158.40 161.60 .002475 .002525 5
2166470 160 0.0035 158.40 161.60 .003465 .003535 5
2166471 160 0.008 158.40 161.60 .00792 .00808 5
2166472 160 0.02 158.40 161.60 .0198 .0202 5
2166473 160 0.03 158.40 161.60 .0297 .0303 5
2166474 600 0.009 594.00 606.00 .00891 .00909 5
2166475 600 0.013 594.00 606.00 .01287 .01313 5
2166476 600 0.035 594.00 606.00 .03465 .03535 5
2166477 600 0.07 594.00 606.00 .0693 .0707 5
2166478 0 0 5. 1000. 0. 1. 6
2166479 6.5 0.00015 6.435 6.565 .0001485 .0001515 6
2166480 6.5 0.00028 6.435 6.565 .0002772 .0002828 6
2166481 6.5 0.0005 6.435 6.565 .000495 .000505 6
2166482 6.5 0.0008 6.435 6.565 .000792 .000808 6
2166483 6.5 0.001 6.435 6.565 .00099 .00101 6
2166484 12 0.0002 11.88 12.12 .000198 .000202 6
2166485 12 0.00043 11.88 12.12 .0004257 .0004343 6
2166486 12 0.00065 11.88 12.12 .0006435 .0006565 6
2166487 12 0.001 11.88 12.12 .00099 .00101 6
2166488 12 0.002 11.88 12.12 .00198 .00202 6
2166489 25 0.00043 24.75 25.25 .0004257 .0004343 6
2166490 25 0.0008 24.75 25.25 .000792 .000808 6
2166491 25 0.002 24.75 25.25 .00198 .00202 6
2166492 25 0.004 24.75 25.25 .00396 .00404 6
2166493 30 0.0005 29.70 30.30 .000495 .000505 6
2166494 30 0.0016 29.70 30.30 .001584 .001616 6
2166495 30 0.0025 29.70 30.30 .002475 .002525 6
2166496 30 0.0045 29.70 30.30 .004455 .004545 6
2166498 80 0.0016 79.20 80.80 .001584 .001616 6
2166499 80 0.0025 79.20 80.80 .002475 .002525 6
2166500 80 0.0045 79.20 80.80 .004455 .004545 6
2166501 80 0.008 79.20 80.80 .00792 .00808 6
2166502 80 0.01 79.20 80.80 .0099 .0101 6
2166503 160 0.0025 158.40 161.60 .002475 .002525 6
2166504 160 0.0035 158.40 161.60 .003465 .003535 6
2166505 160 0.008 158.40 161.60 .00792 .00808 6
2166506 160 0.02 158.40 161.60 .0198 .0202 6
2166507 160 0.03 158.40 161.60 .0297 .0303 6
2166508 600 0.009 594.00 606.00 .00891 .00909 6
2166509 600 0.013 594.00 606.00 .01287 .01313 6
2166510 600 0.035 594.00 606.00 .03465 .03535 6
2166511 600 0.07 594.00 606.00 .0693 .0707 6
2166512 0 0 5. 1000. 0. 1. 7
2166513 6.5 0.00015 6.435 6.565 .0001485 .0001515 7
2166514 6.5 0.00028 6.435 6.565 .0002772 .0002828 7
2166515 6.5 0.0005 6.435 6.565 .000495 .000505 7
2166516 6.5 0.0008 6.435 6.565 .000792 .000808 7
2166517 6.5 0.001 6.435 6.565 .00099 .00101 7
2166518 12 0.0002 11.88 12.12 .000198 .000202 7
2166519 12 0.00043 11.88 12.12 .0004257 .0004343 7
2166520 12 0.00065 11.88 12.12 .0006435 .0006565 7
2166521 12 0.001 11.88 12.12 .00099 .00101 7
2166522 12 0.002 11.88 12.12 .00198 .00202 7
2166523 25 0.00043 24.75 25.25 .0004257 .0004343 7
2166524 25 0.0008 24.75 25.25 .000792 .000808 7
2166525 25 0.002 24.75 25.25 .00198 .00202 7
2166526 25 0.004 24.75 25.25 .00396 .00404 7
2166527 30 0.0005 29.70 30.30 .000495 .000505 7
2166528 30 0.0016 29.70 30.30 .001584 .001616 7
2166529 30 0.0025 29.70 30.30 .002475 .002525 7
2166530 30 0.0045 29.70 30.30 .004455 .004545 7
2166532 80 0.0016 79.20 80.80 .001584 .001616 7
2166533 80 0.0025 79.20 80.80 .002475 .002525 7
2166534 80 0.0045 79.20 80.80 .004455 .004545 7
2166535 80 0.008 79.20 80.80 .00792 .00808 7
2166536 80 0.01 79.20 80.80 .0099 .0101 7
2166537 160 0.0025 158.40 161.60 .002475 .002525 7
2166538 160 0.0035 158.40 161.60 .003465 .003535 7
2166539 160 0.008 158.40 161.60 .00792 .00808 7
2166540 160 0.02 158.40 161.60 .0198 .0202 7
2166541 160 0.03 158.40 161.60 .0297 .0303 7
2166542 600 0.009 594.00 606.00 .00891 .00909 7
2166543 600 0.013 594.00 606.00 .01287 .01313 7
2166544 600 0.035 594.00 606.00 .03465 .03535 7
2166545 600 0.07 594.00 606.00 .0693 .0707 7
