2311564 0 0 5. 1000. 0. 1. 1
2311565 6.5 0.00015 6.435 6.565 .0001485 .0001515 1
2311566 6.5 0.00028 6.435 6.565 .0002772 .0002828 1
2311567 12 0.00043 11.88 12.12 .0004257 .0004343 1
2311568 12 0.00065 11.88 12.12 .0006435 .0006565 1
2311569 25 0.00043 24.75 25.25 .0004257 .0004343 1
2311570 25 0.0008 24.75 25.25 .000792 .000808 1
2311571 30 0.0016 29.70 30.30 .001584 .001616 1
2311572 30 0.0025 29.70 30.30 .002475 .002525 1
2311573 30 0.0045 29.70 30.30 .004455 .004545 1
2311574 80 0.0016 79.20 80.80 .001584 .001616 1
2311575 80 0.0025 79.20 80.80 .002475 .002525 1
2311576 80 0.0045 79.20 80.80 .004455 .004545 1
2311577 80 0.008 79.20 80.80 .00792 .00808 1
2311578 160 0.0035 158.40 161.60 .003465 .003535 1
2311579 160 0.008 158.40 161.60 .00792 .00808 1
2311580 160 0.02 158.40 161.60 .0198 .0202 1
2311581 600 0.013 594.00 606.00 .01287 .01313 1
2311582 600 0.035 594.00 606.00 .03465 .03535 1
2311583 0 0 5. 1000. 0. 1. 2
2311584 6.5 0.00015 6.435 6.565 .0001485 .0001515 2
2311585 6.5 0.00028 6.435 6.565 .0002772 .0002828 2
2311586 12 0.00043 11.88 12.12 .0004257 .0004343 2
2311587 12 0.00065 11.88 12.12 .0006435 .0006565 2
2311588 25 0.00043 24.75 25.25 .0004257 .0004343 2
2311589 25 0.0008 24.75 25.25 .000792 .000808 2
2311590 30 0.0016 29.70 30.30 .001584 .001616 2
2311591 30 0.0025 29.70 30.30 .002475 .002525 2
2311592 30 0.0045 29.70 30.30 .004455 .004545 2
2311593 80 0.0016 79.20 80.80 .001584 .001616 2
2311594 80 0.0025 79.20 80.80 .002475 .002525 2
2311595 80 0.0045 79.20 80.80 .004455 .004545 2
2311596 80 0.008 79.20 80.80 .00792 .00808 2
2311597 160 0.0035 158.40 161.60 .003465 .003535 2
2311598 160 0.008 158.40 161.60 .00792 .00808 2
2311599 160 0.02 158.40 161.60 .0198 .0202 2
2311600 600 0.013 594.00 606.00 .01287 .01313 2
2311601 600 0.035 594.00 606.00 .03465 .03535 2
2311602 0 0 5. 1000. 0. 1. 3
2311603 6.5 0.00015 6.435 6.565 .0001485 .0001515 3
2311604 6.5 0.00028 6.435 6.565 .0002772 .0002828 3
2311605 12 0.00043 11.88 12.12 .0004257 .0004343 3
2311606 12 0.00065 11.88 12.12 .0006435 .0006565 3
2311607 25 0.00043 24.75 25.25 .0004257 .0004343 3
2311608 25 0.0008 24.75 25.25 .000792 .000808 3
2311609 30 0.0016 29.70 30.30 .001584 .001616 3
2311610 30 0.0025 29.70 30.30 .002475 .002525 3
2311611 30 0.0045 29.70 30.30 .004455 .004545 3
2311612 80 0.0016 79.20 80.80 .001584 .001616 3
2311613 80 0.0025 79.20 80.80 .002475 .002525 3
2311614 80 0.0045 79.20 80.80 .004455 .004545 3
2311615 80 0.008 79.20 80.80 .00792 .00808 3
2311616 160 0.0035 158.40 161.60 .003465 .003535 3
2311617 160 0.008 158.40 161.60 .00792 .00808 3
2311618 160 0.02 158.40 161.60 .0198 .0202 3
2311619 600 0.013 594.00 606.00 .01287 .01313 3
2311620 600 0.035 594.00 606.00 .03465 .03535 3
2311621 0 0 5. 1000. 0. 1. 4
2311622 6.5 0.00015 6.435 6.565 .0001485 .0001515 4
2311623 6.5 0.00028 6.435 6.565 .0002772 .0002828 4
2311624 12 0.00043 11.88 12.12 .0004257 .0004343 4
2311625 12 0.00065 11.88 12.12 .0006435 .0006565 4
2311626 25 0.00043 24.75 25.25 .0004257 .0004343 4
2311627 25 0.0008 24.75 25.25 .000792 .000808 4
2311628 30 0.0016 29.70 30.30 .001584 .001616 4
2311629 30 0.0025 29.70 30.30 .002475 .002525 4
2311630 30 0.0045 29.70 30.30 .004455 .004545 4
2311631 80 0.0016 79.20 80.80 .001584 .001616 4
2311632 80 0.0025 79.20 80.80 .002475 .002525 4
2311633 80 0.0045 79.20 80.80 .004455 .004545 4
2311634 80 0.008 79.20 80.80 .00792 .00808 4
2311635 160 0.0035 158.40 161.60 .003465 .003535 4
2311636 160 0.008 158.40 161.60 .00792 .00808 4
2311637 160 0.02 158.40 161.60 .0198 .0202 4
2311638 600 0.013 594.00 606.00 .01287 .01313 4
2311639 600 0.035 594.00 606.00 .03465 .03535 4
2311640 0 0 5. 1000. 0. 1. 5
2311641 6.5 0.00015 6.435 6.565 .0001485 .0001515 5
2311642 6.5 0.00028 6.435 6.565 .0002772 .0002828 5
2311643 12 0.00043 11.88 12.12 .0004257 .0004343 5
2311644 12 0.00065 11.88 12.12 .0006435 .0006565 5
2311645 25 0.00043 24.75 25.25 .0004257 .0004343 5
2311646 25 0.0008 24.75 25.25 .000792 .000808 5
2311647 30 0.0016 29.70 30.30 .001584 .001616 5
2311648 30 0.0025 29.70 30.30 .002475 .002525 5
2311649 30 0.0045 29.70 30.30 .004455 .004545 5
2311650 80 0.0016 79.20 80.80 .001584 .001616 5
2311651 80 0.0025 79.20 80.80 .002475 .002525 5
2311652 80 0.0045 79.20 80.80 .004455 .004545 5
2311653 80 0.008 79.20 80.80 .00792 .00808 5
2311654 160 0.0035 158.40 161.60 .003465 .003535 5
2311655 160 0.008 158.40 161.60 .00792 .00808 5
2311656 160 0.02 158.40 161.60 .0198 .0202 5
2311657 600 0.013 594.00 606.00 .01287 .01313 5
2311658 600 0.035 594.00 606.00 .03465 .03535 5
2311659 0 0 5. 1000. 0. 1. 6
2311660 6.5 0.00015 6.435 6.565 .0001485 .0001515 6
2311661 6.5 0.00028 6.435 6.565 .0002772 .0002828 6
2311662 12 0.00043 11.88 12.12 .0004257 .0004343 6
2311663 12 0.00065 11.88 12.12 .0006435 .0006565 6
2311664 25 0.00043 24.75 25.25 .0004257 .0004343 6
2311665 25 0.0008 24.75 25.25 .000792 .000808 6
2311666 30 0.0016 29.70 30.30 .001584 .001616 6
2311667 30 0.0025 29.70 30.30 .002475 .002525 6
2311668 30 0.0045 29.70 30.30 .004455 .004545 6
2311669 80 0.0016 79.20 80.80 .001584 .001616 6
2311670 80 0.0025 79.20 80.80 .002475 .002525 6
2311671 80 0.0045 79.20 80.80 .004455 .004545 6
2311672 80 0.008 79.20 80.80 .00792 .00808 6
2311673 160 0.0035 158.40 161.60 .003465 .003535 6
2311674 160 0.008 158.40 161.60 .00792 .00808 6
2311675 160 0.02 158.40 161.60 .0198 .0202 6
2311676 600 0.013 594.00 606.00 .01287 .01313 6
2311677 600 0.035 594.00 606.00 .03465 .03535 6
2311678 0 0 5. 1000. 0. 1. 7
2311679 6.5 0.00015 6.435 6.565 .0001485 .0001515 7
2311680 6.5 0.00028 6.435 6.565 .0002772 .0002828 7
2311681 12 0.00043 11.88 12.12 .0004257 .0004343 7
2311682 12 0.00065 11.88 12.12 .0006435 .0006565 7
2311683 25 0.00043 24.75 25.25 .0004257 .0004343 7
2311684 25 0.0008 24.75 25.25 .000792 .000808 7
2311685 30 0.0016 29.70 30.30 .001584 .001616 7
2311686 30 0.0025 29.70 30.30 .002475 .002525 7
2311687 30 0.0045 29.70 30.30 .004455 .004545 7
2311688 80 0.0016 79.20 80.80 .001584 .001616 7
2311689 80 0.0025 79.20 80.80 .002475 .002525 7
2311690 80 0.0045 79.20 80.80 .004455 .004545 7
2311691 80 0.008 79.20 80.80 .00792 .00808 7
2311692 160 0.0035 158.40 161.60 .003465 .003535 7
2311693 160 0.008 158.40 161.60 .00792 .00808 7
2311694 160 0.02 158.40 161.60 .0198 .0202 7
2311695 600 0.013 594.00 606.00 .01287 .01313 7
2311696 600 0.035 594.00 606.00 .03465 .03535 7
