# central
# Q2          x           th mod  
0.65000E+01   0.15000E-03   0.43142E-02
0.65000E+01   0.28000E-03   0.30568E-02
0.12000E+02   0.43000E-03   0.58169E-02
0.12000E+02   0.65000E-03   0.47395E-02
0.25000E+02   0.43000E-03   0.13616E-01
0.25000E+02   0.80000E-03   0.10670E-01
0.30000E+02   0.16000E-02   0.95075E-02
0.30000E+02   0.25000E-02   0.70983E-02
0.30000E+02   0.45000E-02   0.45535E-02
0.80000E+02   0.16000E-02   0.24249E-01
0.80000E+02   0.25000E-02   0.19568E-01
0.80000E+02   0.45000E-02   0.13471E-01
0.16000E+03   0.35000E-02   0.26719E-01
0.16000E+03   0.80000E-02   0.16535E-01
0.16000E+03   0.20000E-01   0.72058E-02
0.60000E+03   0.13000E-01   0.19694E-01
0.60000E+03   0.35000E-01   0.80303E-02