# mass down
# Q2          x             th orig    
0.65000E+01    0.15000E-03    0.47256E-02
0.65000E+01    0.28000E-03    0.35948E-02
0.12000E+02    0.43000E-03    0.66155E-02
0.12000E+02    0.65000E-03    0.54412E-02
0.25000E+02    0.43000E-03    0.15631E-01
0.25000E+02    0.80000E-03    0.12058E-01
0.30000E+02    0.16000E-02    0.10567E-01
0.30000E+02    0.25000E-02    0.82733E-02
0.30000E+02    0.45000E-02    0.56956E-02
0.80000E+02    0.16000E-02    0.26555E-01
0.80000E+02    0.25000E-02    0.21636E-01
0.80000E+02    0.45000E-02    0.15676E-01
0.16000E+03    0.35000E-02    0.29015E-01
0.16000E+03    0.80000E-02    0.18036E-01
0.16000E+03    0.20000E-01    0.86616E-02
0.60000E+03    0.13000E-01    0.22621E-01
0.60000E+03    0.35000E-01    0.92777E-02