# mass up
# Q2          x             th orig     
 0.65000E+01 0.15000E-03 0.36169E-02
 0.65000E+01 0.28000E-03 0.27132E-02
 0.12000E+02 0.43000E-03 0.50770E-02
 0.12000E+02 0.65000E-03  0.41343E-02
 0.25000E+02 0.43000E-03 0.12472E-01
 0.25000E+02 0.80000E-03 0.95020E-02
 0.30000E+02 0.16000E-02 0.82921E-02
 0.30000E+02 0.25000E-02 0.64082E-02
 0.30000E+02 0.45000E-02 0.43075E-02
 0.80000E+02 0.16000E-02  0.22368E-01
 0.80000E+02 0.25000E-02  0.18087E-01
 0.80000E+02 0.45000E-02  0.12937E-01
 0.16000E+03 0.35000E-02 0.25346E-01
 0.16000E+03 0.80000E-02 0.15526E-01
 0.16000E+03 0.20000E-01 0.72551E-02
 0.60000E+03 0.13000E-01  0.20748E-01
 0.60000E+03 0.35000E-01  0.83475E-02

