tau+tau_Neutrino     0.00941241     0.056   0.004
e+e_Neutrinoeta     0.0196795     0.0267    0.0029
e+e_Neutrinoetp     0.0197509     0.0099    0.0023
e+e_Neutrinophi     0.0294153     0.0249    0.0014
K+K+e+e_Neutrino     0.00497702     0.00497702    0.0
e+K0K0e_Neutrino     0.00494708     0.00494708    0.0
mu+mu_Neutrinoeta     0.0196033     0.0196033   0.0
mu+mu_Neutrinoetp     0.0198342     0.0198342   0.0
mu+mu_Neutrinophi     0.029533     0.029533   0.0
K+K+mu+mu_Neutrino     0.0049515     0.0049515    0.0
mu+K0K0mu_Neutrino     0.0049586     0.0049586    0.0
pi+eta     0.015176     0.0156    0.002
pi+etp     0.0372869     0.038  0.004
pi+phi     0.0280163     0.045    0.004
rho+eta     0.079731     0.089    0.008
rho+etp     0.0954807     0.125   0.022
rho+phi     0.0521953     0.084   0.023
pi+f_0     0.00788923     0.00788923    0.0
pi+pi0     0.00101878     0.0006    0.0
rho+pi0     0.00103337     0.00103337   0.0
pi+rho0     0.00100919     0.0002   0.00012
rho+rho0     0.00100688     0.00100688  0.0
K+K0     0.0279649     0.0298   0.0016
K*+K0     0.0331866     0.054 0.012
K+K*0     0.0260288     0.0260288 0.0
K*+K*0     0.0500102     0.072    0.026
PROTON+NEUTRON     0.0100203     0.0013   0.0004
K+eta     0.00503576     0.00139  0.0003
K+etp     0.00502635     0.0016   0.0005
K+phi     0.00500792     0.0006   0.0
K*+eta     0.00503364     0.00503364  0.0
