e+K0e_Neutrino     0.0687825     0.0883     0.0022
e+K*0e_Neutrino     0.0643476     0.0553    0.0032
e+K0e_Neutrinopi0     0.00489986     0.00489986     0.0
pi+K+e+e_Neutrino     0.004961     0.004961         0.006
e+K*0e_Neutrinopi0     0.0109987     0.0109987     0.0
pi+e+K*+e_Neutrino     0.0108811     0.0108811     0.0
e+e_Neutrinopi0     0.000975227     0.00405       0.00018
e+e_Neutrinoeta     0.00101382     0.00133        0.00021
e+e_Neutrinoetp     0.00101996     0.00035        0.0
e+e_Neutrinorho0     0.000977587     0.0022      0.0004
e+e_Neutrinoomega     0.00101158     0.0016      0.0007
mu+K0mu_Neutrino     0.068378     0.094          0.008
mu+K*0mu_Neutrino     0.064424     0.055         0.005
mu+K0mu_Neutrinopi0     0.00491249     0.00491249     0.0
pi+K+mu+mu_Neutrino     0.00493433     0.0021        0.0006
mu+K*0mu_Neutrinopi0     0.0109568     0.0109568     0.0
pi+mu+K*+mu_Neutrino     0.0110015     0.0110015     0.0
mu+mu_Neutrinopi0     0.000955278     0.000955278     0.0
mu+mu_Neutrinoeta     0.00099305     0.00099305     0.0
mu+mu_Neutrinoetp     0.000998952     0.000998952     0.0
mu+mu_Neutrinorho0     0.000979948     0.0025         0.0005
mu+mu_Neutrinoomega     0.000992224     0.000992224     0.0
pi+K0     0.0261836     0.0295              0.00064
pi+K*0     0.0191811     0.0364        0.01206
rho+K0     0.0666433     0.094         0.02
rho+K*0     0.0413764     0.0413764     0.0
pi+K1(1400)0     0.0454398     0.0454398     0.0
A1+K0     0.0766693     0.0766693     0.0
K+K0     0.0073358     0.00572        0.00024
K+K*0     0.00472209     0.003765    0.000225
K*+K0     0.00470038     0.032      0.014
K*+K*0     0.0260585     0.0260585     0.0
pi+pi0     0.00102327     0.00126     0.00009
rho+pi0     0.00061592     0.00061592     0.0
pi+eta     0.00668471     0.00343         0.00022
rho+eta     0.00509568     0.00509568     0.0
pi+etp     0.00305706     0.0044          0.0004
rho+etp     0.00301468     0.00301468     0.0
pi+rho0     0.000605887     0.00083        0.00015
rho+rho0     0.000618281     0.000618281     0.0
pi+omega     0.0010117     0.00034           0.0
rho+omega     0.000989509     0.000989509     0.0
pi+phi     0.00605132     0.00556       0.000265848
rho+phi     0.00501884     0.00501884     0.0
pi+K0pi0     0.0121046     0.018          0.024186
pi+K*0rho0     0.00567631     0.00345    0.0006
pi+pi+K+     0.0676489     0.0836        0.004 
pi+K+rho+     0.00807377     0.00807377     0.0
pi+pi+pi+     0.00222678     0.00244      0.0002
K+K0K0     0.0269045     0.0184           0.0084
pi+K+K+     0.00403795     0.00457        0.0004
pi+phipi0     0.0190778     0.018         0.01
pi+pi+pi+K0     0.0120557     0.062       0.0022
pi+pi+pi+K*0     0.00199696     0.0018    0.0006
pi+pi+K+pi0     0.00909515     0.00608    0.0029
pi+pi+pi+pi0     0.0220979     0.0108     0.0009
pi+pi+pi+pi+K+     0.000995175     0.0022 0.0008246
pi+pi+K+pi0pi0     0.0220918     0.0220918     0.0
pi+pi+pi+K0pi0     0.087252     0.087252     0.0
pi+pi+pi+K0rho0     0.000978414     0.000978414     0.0
pi+pi+K+pi0rho0     0.00189403     0.00189403     0.0
pi+pi+pi+pi+pi+     0.00150333     0.00166        0.00017
pi+pi+pi+pi0rho0     0.00279631     0.00279631     0.0
