e+e_NeutrinoNEUTRON     0.00299032     0.00299032         0.0
e+e_NeutrinoNEUTRONpi0     0.00600258     0.00600258         0.0
e+e_NeutrinoLambda     0.0175755     0.021    0.06
e+e_NeutrinoSigma0     0.00490514     0.00490514         0.0
e+e_NeutrinoSigm*0     0.00495451     0.00495451         0.0
e+e_NeutrinoDelta0     0.00194716     0.00194716         0.0
mu+mu_NeutrinoDelta0     0.00197228     0.00197228         0.0
mu+mu_NeutrinoLambda     0.0177525     0.02       0.007
mu+mu_NeutrinoNEUTRON     0.0029805     0.0029805         0.0
mu+mu_NeutrinoNEUTRONpi0     0.00596505     0.00596505         0.0
mu+mu_NeutrinoSigma0     0.00489908     0.00489908         0.0
mu+mu_NeutrinoSigm*0     0.00496029     0.00496029         0.0
pi+e+PROTON+e_Neutrino     0.00596043     0.00596043         0.0
pi+mu+PROTON+mu_Neutrino     0.00594888     0.00594888         0.0
pi+Delta2+     0.00100476     0.00100476         0.0
pi+Lambda     0.00584754     0.0107         0.0028
pi+Sigm*0     0.00407419     0.00407419         0.0
pi+Sigma0     0.00551608     0.0105       0.0028
pi+NEUTRON     0.00306019     0.00306019         0.0
pi+Delta0     0.00301371     0.00301371         0.0
rho+Sigm*0     0.00393791     0.00393791         0.0
rho+Lambda     0.00508501     0.00508501         0.0
rho+NEUTRON     0.00301024     0.00301024         0.0
rho+Sigma0     0.00400432     0.00400432         0.0
rho+Delta0     0.00295914     0.00295914         0.0
rho+Delta2+     0.000994078     0.000994078         0.0
K0DeltaU+     0.00502612     0.00502612         0.0
K0Sigmau+     0.00197141     0.00197141         0.0
K0Sigm*u+     0.000979065     0.000979065         0.0
K*+Sigma0     0.00199191     0.00199191         0.0
K*+Sigm*0     0.00100245     0.00100245         0.0
K*+Delta2+     0.0249585     0.0249585         0.0
K*+Lambda     0.00502409     0.00502409         0.0
K*0DeltaU+     0.00492737     0.00492737         0.0
K*0Sigmau+     0.00203464     0.0028          0.0011
K*0Sigm*u+     0.00101602     0.00101602         0.0
K+Sigm*0     0.00100678     0.00100678         0.0
K+Sigma0     0.00199162     0.00042       0.00013
K+Delta2+     0.00664066     0.0086     0.003
K+Lambda     0.00496981     0.0005      0.00016
DeltaU+rho0     0.00100678     0.00100678         0.0
DeltaU+pi0     0.00101198     0.00101198         0.0
DeltaU+etp     0.000999275     0.000999275         0.0
DeltaU+omega     0.000975311     0.000975311         0.0
DeltaU+eta     0.0010114     0.0010114         0.0
Sigmau+rho0     0.00398497     0.00398497         0.0
Sigmau+pi0     0.00399624     0.01      0.0034
Sigmau+omega     0.00401211     0.027     0.01  
Sigmau+eta      0.00198267      0.0055       0.0023 
Sigmau+etp      0.00201068      0.00201068          0.0 
Sigm*u+eta     0.00196679     0.00196679         0.0
Sigm*u+omega     0.00298195     0.00298195         0.0
Sigm*u+rho0     0.0029499     0.00425       0.00356
Sigm*u+pi0     0.00304547     0.00304547         0.0
PROTON+f_0     0.00180568     0.0028        0.0019
PROTON+K*0     0.0087856     0.016          0.005
PROTON+omega     0.0019948     0.0019948         0.0
PROTON+rho0     0.00199971     0.00199971         0.0
PROTON+K0     0.0160623     0.023   0.006
PROTON+etp     0.000961452     0.000961452         0.0
PROTON+eta     0.00102439     0.00102439         0.0
PROTON+phi     0.00130041     0.00084     0.00027
PROTON+pi0     0.00200346     0.00200346         0.0
