K-K*+     0.00274888     0.00438   0.00021
K+K*-     0.00273755     0.00156   0.00012
K+e+e_Neutrino     0.0333563     0.0355      0.0005
e+K*+e_Neutrino     0.0266281     0.0217      0.0016
pi+e+K0e_Neutrino     0.00197174     0.027    0.008
K+e+e_Neutrinopi0     0.00198437     0.016      0.009
pi+e+K*0e_Neutrino     0.00396522     0.00396522    0.0
e+K*+e_Neutrinopi0     0.00396313     0.00396313    0.0
pi+e+e_Neutrino     0.00196571     0.00289    0.00008
e+rho+e_Neutrino     0.00199761     0.0019      0.0004
K+mu+mu_Neutrino     0.0333166     0.0331     0.0013
mu+K*+mu_Neutrino     0.0265921     0.0198        0.0024
pi+mu+K0mu_Neutrino     0.00197421     0.00197421   0.0
K+mu+mu_Neutrinopi0     0.00199855     0.00199855   0.0
pi+mu+K*0mu_Neutrino     0.00395316     0.00395316    0.0
mu+K*+mu_Neutrinopi0     0.00395767     0.00395767    0.0
pi+mu+mu_Neutrino     0.00195938     0.00237        0.00024
mu+rho+mu_Neutrino     0.00198024     0.00198024    0.0
pi+K+     0.0367261     0.0389        0.0005
pi+K*+     0.045168     0.045168    0.0
K+rho+     0.0733993     0.108    0.007
K*+rho+     0.0621225     0.0621225   0.0
K0pi0     0.0212228     0.022   0.0086
K*0pi0     0.0211822     0.0322   0.00402
K*0eta     0.0210328     0.0096   0.003
K0rho0     0.0061252     0.0132   0.0016
K*0rho0     0.0150316     0.0158    0.0035
K0omega     0.0250193     0.0222    0.001
K0phi     0.0087728     0.00874   0.0006135
K+A1+     0.0742686     0.078   0.011
pi+K1(1270)+     0.0109346     0.016  0.008
K+K+     0.00410768     0.00394   0.00007
K0K0     0.00109692     0.00076   0.00028
K*0K0     0.00100705     0.00100705   0.0
K*0K*0     0.00268673     0.00028   0.0002
pi+pi+     0.00159781     0.001397  0.000026
pi0pi0     0.00163695     0.0008    0.00008
phirho0     0.00179215     0.00145    0.0001227
pi+K+pi0     0.011073     0.011073    0.0
pi+K+rho0     0.00633782     0.0051    0.0023
K+K+K0     0.00521575     0.00502   0.000335
pi+pi+K0     0.0180425     0.0180425    0.0
pi+pi+K*0     0.0160465     0.0148     0.034
pi+K+K0     0.00338974     0.00338974   0.0
pi+K+K*0     0.00363023     0.00363023    0.0
K_shortK_shortK_short     0.000891659     0.00095     0.00013
pi+pi+phi     0.000601606     0.000601606   0.0
pi+pi+pi0     0.0151673     0.0144    0.0004
pi+K+pi0pi0     0.0926678     0.0926678   0.0
pi+pi+pi+K+     0.0180975     0.0188      0.0026
pi+pi+K0pi0     0.0220413     0.0220413   0.0
pi+pi+K*0pi0     0.00769616     0.0195     0.009
K+K+K0pi0     0.00893437     0.00893437   0.0
pi+pi+pi+pi+     0.00752939     0.00744   0.00021
pi+pi+pi+K+pi0     0.0240012     0.029    0.00721
pi+pi+pi+pi+K0     0.00851839     0.0056        0.0006
pi+pi+K0pi0pi0     0.0668847     0.0668847    0.0
K0pi0pi0pi0rho0     0.0509535     0.0509535   0.0
pi+pi+pi+pi+pi0     0.0171066     0.0042    0.0005
pi+pi+pi+pi+rho0     0.000403586     0.000403586    0.0
pi+pi+K+K+pi0     0.00278787     0.0031   0.002
