 Parton Distribution Table : CTEQ4F3                               
  Ordr, Nfl, lambda        Qmass 1,  2,  3,         4,  5,  6
    2.    3. 0.3850    0.000    0.000    0.200    1.600    5.000  180.000
   NX,  NT,  NfMx
   90   13    3
QINI, QMAX, (QV(I), I =0, NT)
 1.60000E+00 1.00000E+04
 1.60000E+00 2.01872E+00 2.64549E+00 3.62326E+00 5.22375E+00 7.99453E+00
 1.31148E+01 2.33244E+01 4.55683E+01 9.93065E+01 2.45754E+02 7.05085E+02
 2.40258E+03 1.00000E+04
XMIN, (XV(I), I =0, NX)
 1.00000E-05
 0.00000E+00 9.99983E-06 1.24433E-05 1.54836E-05 1.92668E-05 2.39740E-05
 2.98310E-05 3.71184E-05 4.61852E-05 5.74656E-05 7.14994E-05 8.89575E-05
 1.10674E-04 1.37686E-04 1.71280E-04 2.13055E-04 2.64997E-04 3.29564E-04
 4.09809E-04 5.09508E-04 6.33332E-04 7.87053E-04 9.77784E-04 1.21428E-03
 1.50728E-03 1.86993E-03 2.31825E-03 2.88037E-03 3.56397E-03 4.40443E-03
 5.43508E-03 6.69508E-03 8.22984E-03 1.00851E-02 1.23281E-02 1.50167E-02
 1.82174E-02 2.19985E-02 2.64278E-02 3.15720E-02 3.74800E-02 4.42088E-02
 5.17931E-02 6.02576E-02 6.96136E-02 7.98586E-02 9.09356E-02 1.02935E-01
 1.15681E-01 1.29293E-01 1.43599E-01 1.58606E-01 1.74271E-01 1.90550E-01
 2.07405E-01 2.24796E-01 2.42685E-01 2.61038E-01 2.79820E-01 2.99001E-01
 3.18550E-01 3.38442E-01 3.58653E-01 3.79067E-01 3.99881E-01 4.20953E-01
 4.42266E-01 4.63806E-01 4.85559E-01 5.07513E-01 5.29656E-01 5.51978E-01
 5.74483E-01 5.97187E-01 6.19860E-01 6.42828E-01 6.65921E-01 6.89135E-01
 7.12467E-01 7.35911E-01 7.59464E-01 7.83080E-01 8.06909E-01 8.30741E-01
 8.54673E-01 8.78696E-01 9.02804E-01 9.26992E-01 9.51257E-01 9.75603E-01
 1.00000E+00
Parton Distribution Table:
 1.21333E+05 5.16877E+04 3.99506E+04 3.08789E+04 2.38672E+04 1.84479E+04
 1.42591E+04 1.10216E+04 8.51929E+03 6.58520E+03 5.09029E+03 3.93484E+03
 3.04175E+03 2.35146E+03 1.81790E+03 1.40549E+03 1.08671E+03 8.40304E+02
 6.49835E+02 5.02601E+02 3.88786E+02 3.00800E+02 2.32778E+02 1.80188E+02
 1.39526E+02 1.08084E+02 8.37679E+01 6.47270E+01 5.02362E+01 3.90225E+01
 3.03424E+01 2.36210E+01 1.84142E+01 1.43892E+01 1.12587E+01 8.82948E+00
 6.94219E+00 5.47375E+00 4.32906E+00 3.43433E+00 2.73408E+00 2.18337E+00
 1.74892E+00 1.40482E+00 1.13117E+00 9.12640E-01 7.38013E-01 5.96560E-01
 4.82988E-01 3.90410E-01 3.15531E-01 2.54622E-01 2.05031E-01 1.64645E-01
 1.31771E-01 1.05046E-01 8.33624E-02 6.58176E-02 5.16703E-02 4.03096E-02
 3.12303E-02 2.40137E-02 1.83126E-02 1.38576E-02 1.03663E-02 7.67190E-03
 5.61168E-03 4.05242E-03 2.88557E-03 2.02319E-03 1.39458E-03 9.43337E-04
 6.24707E-04 4.03814E-04 2.55184E-04 1.56067E-04 9.22879E-05 5.24979E-05
 2.85474E-05 1.47225E-05 7.12803E-06 3.20153E-06 1.30263E-06 4.71708E-07
 1.45943E-07 3.64250E-08 6.66022E-09 7.44710E-10 3.39397E-11 1.72231E-13
 0.00000E+00 1.09116E+05 8.46727E+04 6.48595E+04 4.96759E+04 3.80514E+04
 2.91427E+04 2.23224E+04 1.70956E+04 1.30942E+04 1.00278E+04 7.68033E+03
 5.88149E+03 4.50451E+03 3.44937E+03 2.64174E+03 2.02290E+03 1.54927E+03
 1.18636E+03 9.08630E+02 6.95842E+02 5.33011E+02 4.08263E+02 3.12805E+02
 2.39674E+02 1.83712E+02 1.40843E+02 1.08045E+02 8.26042E+01 6.34478E+01
 4.87633E+01 3.75209E+01 2.88989E+01 2.22929E+01 1.72355E+01 1.33460E+01
 1.03569E+01 8.06054E+00 6.29076E+00 4.92643E+00 3.87004E+00 3.05226E+00
 2.41504E+00 1.91759E+00 1.52710E+00 1.21973E+00 9.76330E-01 7.83724E-01
 6.28920E-01 5.05807E-01 4.06188E-01 3.26301E-01 2.61766E-01 2.09640E-01
 1.67464E-01 1.33385E-01 1.05838E-01 8.36331E-02 6.57605E-02 5.14362E-02
 3.99857E-02 3.08835E-02 2.36786E-02 1.80115E-02 1.35992E-02 1.01540E-02
 7.50143E-03 5.47912E-03 3.95114E-03 2.81022E-03 1.96751E-03 1.35404E-03
 9.13319E-04 6.02392E-04 3.86279E-04 2.40938E-04 1.43910E-04 8.15632E-05
 4.28257E-05 1.98086E-05 6.95411E-06 3.64368E-07 0.00000E+00 0.00000E+00
 0.00000E+00 0.00000E+00 0.00000E+00 0.00000E+00 0.00000E+00 0.00000E+00
 0.00000E+00 0.00000E+00 1.63894E+05 1.26530E+05 9.63473E+04 7.33473E+04
 5.58415E+04 4.25025E+04 3.23517E+04 2.46184E+04 1.87347E+04 1.42532E+04
 1.08442E+04 8.24816E+03 6.27396E+03 4.77084E+03 3.62809E+03 2.75822E+03
 2.09708E+03 1.59394E+03 1.21165E+03 9.20787E+02 6.99865E+02 5.31826E+02
 4.04223E+02 3.07190E+02 2.33520E+02 1.77519E+02 1.35028E+02 1.02330E+02
 7.79133E+01 5.93477E+01 4.52571E+01 3.45407E+01 2.64025E+01 2.02250E+01
 1.55174E+01 1.19306E+01 9.20052E+00 7.11468E+00 5.52164E+00 4.29884E+00
 3.36104E+00 2.63657E+00 2.07615E+00 1.63995E+00 1.29968E+00 1.03241E+00
 8.22765E-01 6.55563E-01 5.23723E-01 4.17831E-01 3.33583E-01 2.66005E-01
 2.11829E-01 1.68287E-01 1.33348E-01 1.05281E-01 8.28009E-02 6.48110E-02
 5.04803E-02 3.90842E-02 3.00763E-02 2.29803E-02 1.74266E-02 1.31216E-02
 9.77528E-03 7.20813E-03 5.25874E-03 3.79042E-03 2.69771E-03 1.89234E-03
 1.30742E-03 8.87596E-04 5.91504E-04 3.85319E-04 2.46262E-04 1.52773E-04
 9.20692E-05 5.35502E-05 2.99534E-05 1.59324E-05 7.99596E-06 3.69782E-06
 1.52854E-06 5.15197E-07 1.06128E-07 0.00000E+00 0.00000E+00 0.00000E+00
 0.00000E+00 0.00000E+00 0.00000E+00 2.33044E+05 1.79193E+05 1.35812E+05
 1.02900E+05 7.79616E+04 5.90461E+04 4.47186E+04 3.38550E+04 2.56295E+04
 1.93949E+04 1.46763E+04 1.11012E+04 8.39660E+03 6.34830E+03 4.79945E+03
 3.62696E+03 2.74081E+03 2.07029E+03 1.56379E+03 1.18072E+03 8.91519E+02
 6.72907E+02 5.07947E+02 3.83311E+02 2.89306E+02 2.18323E+02 1.64838E+02
 1.23964E+02 9.36597E+01 7.07824E+01 5.35478E+01 4.05377E+01 3.07330E+01
 2.33475E+01 1.77636E+01 1.35427E+01 1.03559E+01 7.94056E+00 6.11101E+00
 4.71803E+00 3.65855E+00 2.84671E+00 2.22386E+00 1.74297E+00 1.37092E+00
 1.08097E+00 8.55356E-01 6.76787E-01 5.37094E-01 4.25716E-01 3.37765E-01
 2.67714E-01 2.11956E-01 1.67444E-01 1.31968E-01 1.03648E-01 8.11093E-02
 6.31801E-02 4.89836E-02 3.77571E-02 2.89334E-02 2.20190E-02 1.66352E-02
 1.24820E-02 9.26938E-03 6.81549E-03 4.96039E-03 3.56864E-03 2.53702E-03
 1.77919E-03 1.23059E-03 8.37793E-04 5.61282E-04 3.68851E-04 2.38999E-04
 1.51445E-04 9.42719E-05 5.75573E-05 3.46482E-05 2.05619E-05 1.21677E-05
 7.18019E-06 4.26507E-06 2.52781E-06 1.48422E-06 8.31753E-07 4.27124E-07
 1.84626E-07 5.34409E-08 3.66830E-09 0.00000E+00 3.19764E+05 2.45017E+05
 1.84944E+05 1.39546E+05 1.05279E+05 7.93927E+04 5.98634E+04 4.51175E+04
 3.39990E+04 2.56084E+04 1.92856E+04 1.45168E+04 1.09254E+04 8.21833E+03
 6.18101E+03 4.64631E+03 3.49212E+03 2.62324E+03 1.97027E+03 1.47906E+03
 1.11021E+03 8.32926E+02 6.24867E+02 4.68576E+02 3.51383E+02 2.63425E+02
 1.97559E+02 1.47539E+02 1.10690E+02 8.30558E+01 6.23752E+01 4.68705E+01
 3.52657E+01 2.65865E+01 2.00712E+01 1.51822E+01 1.15181E+01 8.76183E+00
 6.68969E+00 5.12403E+00 3.94230E+00 3.04373E+00 2.35962E+00 1.83549E+00
 1.43309E+00 1.12187E+00 8.81529E-01 6.92716E-01 5.46110E-01 4.30066E-01
 3.39087E-01 2.67131E-01 2.10252E-01 1.65151E-01 1.29442E-01 1.01118E-01
 7.87177E-02 6.10075E-02 4.70684E-02 3.61092E-02 2.75449E-02 2.08706E-02
 1.57014E-02 1.17343E-02 8.68122E-03 6.36051E-03 4.61453E-03 3.31059E-03
 2.34834E-03 1.64434E-03 1.13670E-03 7.74443E-04 5.20173E-04 3.43582E-04
 2.24518E-04 1.44189E-04 9.15658E-05 5.75267E-05 3.60146E-05 2.24963E-05
 1.41677E-05 8.96250E-06 5.70202E-06 3.59059E-06 2.20303E-06 1.26791E-06
 6.55906E-07 2.79974E-07 7.86254E-08 5.53490E-09 0.00000E+00 4.27769E+05
 3.26721E+05 2.45688E+05 1.84671E+05 1.38779E+05 1.04239E+05 7.82786E+04
 5.87526E+04 4.40866E+04 3.30635E+04 2.47902E+04 1.85765E+04 1.39165E+04
 1.04194E+04 7.79889E+03 5.83388E+03 4.36277E+03 3.26057E+03 2.43617E+03
 1.81908E+03 1.35798E+03 1.01315E+03 7.55734E+02 5.63411E+02 4.19977E+02
 3.12927E+02 2.33220E+02 1.73045E+02 1.28979E+02 9.61342E+01 7.17052E+01
 5.35078E+01 3.99743E+01 2.99202E+01 2.24227E+01 1.68357E+01 1.26770E+01
 9.57083E+00 7.25212E+00 5.51289E+00 4.20956E+00 3.22580E+00 2.48226E+00
 1.91681E+00 1.48585E+00 1.15497E+00 9.01308E-01 7.03471E-01 5.50954E-01
 4.31091E-01 3.37769E-01 2.64473E-01 2.06926E-01 1.61599E-01 1.25946E-01
 9.78464E-02 7.57627E-02 5.84111E-02 4.48360E-02 3.42265E-02 2.59832E-02
 1.95957E-02 1.46755E-02 1.09198E-02 8.04475E-03 5.87072E-03 4.24339E-03
 3.03408E-03 2.14591E-03 1.49909E-03 1.03470E-03 7.04632E-04 4.73774E-04
 3.13911E-04 2.06303E-04 1.33751E-04 8.61340E-05 5.51825E-05 3.54281E-05
 2.28166E-05 1.48515E-05 9.70607E-06 6.34426E-06 4.07417E-06 2.52358E-06
 1.45336E-06 7.45181E-07 3.11727E-07 8.49730E-08 6.08120E-09 0.00000E+00
 5.61309E+05 4.27400E+05 3.20240E+05 2.39829E+05 1.79558E+05 1.34358E+05
 1.00505E+05 7.51376E+04 5.61544E+04 4.19415E+04 3.13150E+04 2.33659E+04
 1.74282E+04 1.29907E+04 9.67934E+03 7.20707E+03 5.36416E+03 3.98965E+03
 2.96619E+03 2.20368E+03 1.63661E+03 1.21460E+03 9.01112E+02 6.68094E+02
 4.95197E+02 3.66843E+02 2.71788E+02 2.00428E+02 1.48464E+02 1.09960E+02
 8.14871E+01 6.04071E+01 4.48245E+01 3.33216E+01 2.47974E+01 1.84873E+01
 1.38208E+01 1.03592E+01 7.79239E+00 5.88048E+00 4.45754E+00 3.39110E+00
 2.59065E+00 1.98628E+00 1.52887E+00 1.18020E+00 9.14754E-01 7.09196E-01
 5.51821E-01 4.29006E-01 3.34035E-01 2.59955E-01 2.02176E-01 1.56970E-01
 1.21639E-01 9.39732E-02 7.23657E-02 5.54942E-02 4.23739E-02 3.21817E-02
 2.43087E-02 1.82437E-02 1.35979E-02 1.00713E-02 7.38631E-03 5.36708E-03
 3.86361E-03 2.75218E-03 1.93999E-03 1.35143E-03 9.30812E-04 6.33179E-04
 4.25826E-04 2.82725E-04 1.86606E-04 1.21882E-04 7.93509E-05 5.16002E-05
 3.37384E-05 2.21872E-05 1.47417E-05 9.81330E-06 6.49743E-06 4.20198E-06
 2.60218E-06 1.48921E-06 7.53515E-07 3.08314E-07 8.16299E-08 5.92726E-09
 0.00000E+00 7.25169E+05 5.50520E+05 4.11042E+05 3.06737E+05 2.28817E+05
 1.70586E+05 1.27125E+05 9.46755E+04 7.04798E+04 5.24325E+04 3.89892E+04
 2.89723E+04 2.15189E+04 1.59712E+04 1.18480E+04 8.78254E+03 6.50697E+03
 4.81718E+03 3.56441E+03 2.63532E+03 1.94747E+03 1.43801E+03 1.06133E+03
 7.82728E+02 5.77024E+02 4.25093E+02 3.13161E+02 2.29584E+02 1.69052E+02
 1.24452E+02 9.16544E+01 6.75154E+01 4.97749E+01 3.67592E+01 2.71720E+01
 2.01200E+01 1.49375E+01 1.11182E+01 8.30444E+00 6.22271E+00 4.68356E+00
 3.53793E+00 2.68381E+00 2.04339E+00 1.56198E+00 1.19755E+00 9.21991E-01
 7.10083E-01 5.48938E-01 4.24048E-01 3.28115E-01 2.53790E-01 1.96199E-01
 1.51437E-01 1.16674E-01 8.96288E-02 6.86371E-02 5.23490E-02 3.97585E-02
 3.00374E-02 2.25724E-02 1.68557E-02 1.25013E-02 9.21470E-03 6.72637E-03
 4.86556E-03 3.48758E-03 2.47443E-03 1.73790E-03 1.20692E-03 8.29289E-04
 5.63312E-04 3.78782E-04 2.51892E-04 1.66861E-04 1.09685E-04 7.20738E-05
 4.74480E-05 3.14716E-05 2.10197E-05 1.41620E-05 9.53366E-06 6.35077E-06
 4.11213E-06 2.53490E-06 1.43706E-06 7.16078E-07 2.86330E-07 7.36829E-08
 5.42427E-09 0.00000E+00 9.24661E+05 6.99903E+05 5.20769E+05 3.87258E+05
 2.87851E+05 2.13819E+05 1.58754E+05 1.17788E+05 8.73503E+04 6.47308E+04
 4.79435E+04 3.54828E+04 2.62461E+04 1.93984E+04 1.43290E+04 1.05756E+04
 7.80067E+03 5.74888E+03 4.23419E+03 3.11582E+03 2.29148E+03 1.68373E+03
 1.23646E+03 9.07221E+02 6.65296E+02 4.87497E+02 3.57165E+02 2.60359E+02
 1.90614E+02 1.39506E+02 1.02126E+02 7.47703E+01 5.47788E+01 4.01983E+01
 2.95211E+01 2.17157E+01 1.60141E+01 1.18391E+01 8.78241E+00 6.53572E+00
 4.88521E+00 3.66485E+00 2.76095E+00 2.08779E+00 1.58508E+00 1.20712E+00
 9.23221E-01 7.06382E-01 5.42572E-01 4.16477E-01 3.20253E-01 2.46201E-01
 1.89189E-01 1.45168E-01 1.11195E-01 8.49337E-02 6.46770E-02 4.90574E-02
 3.70563E-02 2.78471E-02 2.08168E-02 1.54651E-02 1.14120E-02 8.37042E-03
 6.08063E-03 4.37811E-03 3.12433E-03 2.20760E-03 1.54471E-03 1.06935E-03
 7.32929E-04 4.97107E-04 3.34191E-04 2.22570E-04 1.47945E-04 9.78300E-05
 6.48234E-05 4.31335E-05 2.89504E-05 1.95692E-05 1.33143E-05 9.02430E-06
 6.02391E-06 3.89200E-06 2.38222E-06 1.33531E-06 6.54423E-07 2.55596E-07
 6.39714E-08 4.77284E-09 0.00000E+00 1.16559E+06 8.79701E+05 6.52300E+05
 4.83384E+05 3.58030E+05 2.64996E+05 1.96033E+05 1.44909E+05 1.07057E+05
 7.90310E+04 5.83067E+04 4.29817E+04 3.16645E+04 2.33072E+04 1.71442E+04
 1.25995E+04 9.25318E+03 6.78924E+03 4.97786E+03 3.64626E+03 2.66899E+03
 1.95175E+03 1.42627E+03 1.04127E+03 7.59707E+02 5.53772E+02 4.03558E+02
 2.92555E+02 2.12992E+02 1.55000E+02 1.12808E+02 8.21020E+01 5.97849E+01
 4.36020E+01 3.18187E+01 2.32561E+01 1.70384E+01 1.25135E+01 9.22085E+00
 6.81608E+00 5.06042E+00 3.77074E+00 2.82155E+00 2.11932E+00 1.59829E+00
 1.20913E+00 9.18730E-01 6.98398E-01 5.33026E-01 4.06576E-01 3.10704E-01
 2.37409E-01 1.81340E-01 1.38325E-01 1.05337E-01 7.99994E-02 6.05757E-02
 4.56920E-02 3.43251E-02 2.56560E-02 1.90772E-02 1.40992E-02 1.03507E-02
 7.55412E-03 5.46079E-03 3.91338E-03 2.78021E-03 1.95632E-03 1.36375E-03
 9.41093E-04 6.43452E-04 4.35806E-04 2.92954E-04 1.95421E-04 1.30355E-04
 8.67002E-05 5.79002E-05 3.88969E-05 2.63692E-05 1.79934E-05 1.23259E-05
 8.38563E-06 5.59390E-06 3.59806E-06 2.18301E-06 1.20831E-06 5.81901E-07
 2.21923E-07 5.40573E-08 4.08675E-09 0.00000E+00 1.45418E+06 1.09434E+06
 8.08683E+05 5.97201E+05 4.40777E+05 3.25081E+05 2.39610E+05 1.76472E+05
 1.29888E+05 9.55224E+04 7.02016E+04 5.15479E+04 3.78238E+04 2.77282E+04
 2.03121E+04 1.48652E+04 1.08704E+04 7.94123E+03 5.79669E+03 4.22692E+03
 3.07977E+03 2.24160E+03 1.63023E+03 1.18438E+03 8.59801E+02 6.23537E+02
 4.52032E+02 3.25931E+02 2.36002E+02 1.70795E+02 1.23598E+02 8.94358E+01
 6.47399E+01 4.69326E+01 3.40386E+01 2.47236E+01 1.79984E+01 1.31338E+01
 9.61498E+00 7.06092E+00 5.20763E+00 3.85482E+00 2.86537E+00 2.13808E+00
 1.60184E+00 1.20393E+00 9.08883E-01 6.86491E-01 5.20634E-01 3.94645E-01
 2.99730E-01 2.27639E-01 1.72837E-01 1.31063E-01 9.92260E-02 7.49267E-02
 5.64137E-02 4.23158E-02 3.16138E-02 2.35017E-02 1.73820E-02 1.27792E-02
 9.33322E-03 6.77732E-03 4.87517E-03 3.47729E-03 2.45937E-03 1.72345E-03
 1.19700E-03 8.23508E-04 5.61778E-04 3.80040E-04 2.55514E-04 1.70768E-04
 1.14335E-04 7.64870E-05 5.14621E-05 3.48716E-05 2.38417E-05 1.63886E-05
 1.12770E-05 7.68272E-06 5.11121E-06 3.26738E-06 1.96253E-06 1.07162E-06
 5.06764E-07 1.88689E-07 4.47618E-08 3.42856E-09 0.00000E+00 1.79703E+06
 1.34848E+06 9.93087E+05 7.30859E+05 5.37541E+05 3.95044E+05 2.90130E+05
 2.12902E+05 1.56121E+05 1.14384E+05 8.37420E+04 6.12523E+04 4.47673E+04
 3.26873E+04 2.38472E+04 1.73802E+04 1.26560E+04 9.20612E+03 6.69067E+03
 4.85717E+03 3.52296E+03 2.55236E+03 1.84751E+03 1.33580E+03 9.64984E+02
 6.96317E+02 5.02217E+02 3.60208E+02 2.59435E+02 1.86737E+02 1.34386E+02
 9.66936E+01 6.95892E+01 5.01527E+01 3.61556E+01 2.61014E+01 1.88835E+01
 1.36933E+01 9.96078E+00 7.26804E+00 5.32575E+00 3.91675E+00 2.89249E+00
 2.14435E+00 1.59615E+00 1.19195E+00 8.94116E-01 6.71062E-01 5.05754E-01
 3.80992E-01 2.87592E-01 2.17107E-01 1.63858E-01 1.23526E-01 9.29759E-02
 6.98054E-02 5.22603E-02 3.89820E-02 2.89625E-02 2.14141E-02 1.57533E-02
 1.15212E-02 8.37088E-03 6.04801E-03 4.32923E-03 3.07348E-03 2.16420E-03
 1.51052E-03 1.04540E-03 7.17157E-04 4.88241E-04 3.30007E-04 2.21995E-04
 1.48699E-04 9.99571E-05 6.72592E-05 4.55763E-05 3.11240E-05 2.14312E-05
 1.48133E-05 1.02189E-05 6.95827E-06 4.60937E-06 2.92458E-06 1.73733E-06
 9.35125E-07 4.34013E-07 1.57762E-07 3.64728E-08 2.83017E-09 0.00000E+00
 2.20099E+06 1.64690E+06 1.20874E+06 8.86522E+05 6.49761E+05 4.75836E+05
 3.48216E+05 2.54602E+05 1.86013E+05 1.35777E+05 9.90278E+04 7.21551E+04
 5.25300E+04 3.82035E+04 2.77593E+04 2.01487E+04 1.46110E+04 1.05833E+04
 7.65844E+03 5.53544E+03 3.99700E+03 2.88268E+03 2.07695E+03 1.49463E+03
 1.07453E+03 7.71555E+02 5.53697E+02 3.95077E+02 2.83067E+02 2.02668E+02
 1.45059E+02 1.03797E+02 7.42793E+01 5.32260E+01 3.81460E+01 2.73742E+01
 1.96842E+01 1.41863E+01 1.02552E+01 7.43592E+00 5.41426E+00 3.95656E+00
 2.90325E+00 2.13863E+00 1.58176E+00 1.17372E+00 8.74918E-01 6.52545E-01
 4.88758E-01 3.65930E-01 2.74548E-01 2.06021E-01 1.54570E-01 1.15843E-01
 8.66885E-02 6.47136E-02 4.81748E-02 3.57347E-02 2.64036E-02 1.94165E-02
 1.42075E-02 1.03363E-02 7.47135E-03 5.37117E-03 3.82609E-03 2.70380E-03
 1.89571E-03 1.31800E-03 9.09109E-04 6.22035E-04 4.22761E-04 2.85608E-04
 1.92310E-04 1.29152E-04 8.71877E-05 5.90090E-05 4.02550E-05 2.76798E-05
 1.91702E-05 1.33020E-05 9.18425E-06 6.24055E-06 4.11079E-06 2.58599E-06
 1.51812E-06 8.04984E-07 3.66531E-07 1.30072E-07 2.93259E-08 2.30515E-09
 0.00000E+00 2.67301E+06 1.99443E+06 1.45886E+06 1.06632E+06 7.78837E+05
 5.68365E+05 4.14452E+05 3.01941E+05 2.19794E+05 1.59842E+05 1.16142E+05
 8.43030E+04 6.11365E+04 4.42886E+04 3.20527E+04 2.31710E+04 1.67335E+04
 1.20702E+04 8.69728E+03 6.25918E+03 4.49974E+03 3.23076E+03 2.31714E+03
 1.65975E+03 1.18760E+03 8.48625E+02 6.06011E+02 4.30209E+02 3.06664E+02
 2.18422E+02 1.55503E+02 1.10669E+02 7.87587E+01 5.61192E+01 3.99884E+01
 2.85290E+01 2.03927E+01 1.46086E+01 1.04961E+01 7.56380E+00 5.47318E+00
 3.97467E+00 2.89826E+00 2.12159E+00 1.55933E+00 1.14986E+00 8.51819E-01
 6.31389E-01 4.70021E-01 3.49763E-01 2.60842E-01 1.94575E-01 1.45124E-01
 1.08132E-01 8.04523E-02 5.97172E-02 4.42054E-02 3.26087E-02 2.39618E-02
 1.75259E-02 1.27559E-02 9.23213E-03 6.63909E-03 4.74934E-03 3.36699E-03
 2.36868E-03 1.65384E-03 1.14560E-03 7.87732E-04 5.37742E-04 3.64981E-04
 2.46553E-04 1.66240E-04 1.11977E-04 7.59305E-05 5.16846E-05 3.54785E-05
 2.45408E-05 1.70730E-05 1.18750E-05 8.19390E-06 5.54834E-06 3.63038E-06
 2.26230E-06 1.31163E-06 6.84806E-07 3.05810E-07 1.05959E-07 2.33136E-08
 1.85621E-09 0.00000E+00 1.04777E+05 1.03408E+05 7.99273E+04 6.17790E+04
 4.77519E+04 3.69101E+04 2.85302E+04 2.20531E+04 1.70469E+04 1.31774E+04
 1.01865E+04 7.87469E+03 6.08780E+03 4.70660E+03 3.63898E+03 2.81374E+03
 2.17582E+03 1.68271E+03 1.30151E+03 1.00682E+03 7.79002E+02 6.02867E+02
 4.66682E+02 3.61380E+02 2.79949E+02 2.16972E+02 1.68259E+02 1.30106E+02
 1.01063E+02 7.85824E+01 6.11758E+01 4.76930E+01 3.72446E+01 2.91646E+01
 2.28779E+01 1.79972E+01 1.42034E+01 1.12498E+01 8.94573E+00 7.14302E+00
 5.73031E+00 4.61728E+00 3.73698E+00 3.03733E+00 2.47828E+00 2.02907E+00
 1.66726E+00 1.37128E+00 1.13082E+00 9.32061E-01 7.68720E-01 6.33465E-01
 5.21171E-01 4.27775E-01 3.50034E-01 2.85337E-01 2.31559E-01 1.86952E-01
 1.50064E-01 1.19679E-01 9.47679E-02 7.44566E-02 5.79996E-02 4.48139E-02
 3.42221E-02 2.58457E-02 1.92852E-02 1.42014E-02 1.03079E-02 7.36449E-03
 5.17079E-03 3.56147E-03 2.40071E-03 1.57909E-03 1.01492E-03 6.31169E-04
 3.79395E-04 2.19310E-04 1.21148E-04 6.34502E-05 3.11885E-05 1.42174E-05
 5.86988E-06 2.15618E-06 6.76529E-07 1.71193E-07 3.17285E-08 3.59517E-09
 1.66000E-10 8.53266E-13 0.00000E+00 1.74321E+05 1.35668E+05 1.04276E+05
 8.01433E+04 6.16012E+04 4.73463E+04 3.63932E+04 2.79724E+04 2.15020E+04
 1.65274E+04 1.27049E+04 9.76598E+03 7.50768E+03 5.77136E+03 4.43713E+03
 3.41127E+03 2.62296E+03 2.01682E+03 1.55103E+03 1.19287E+03 9.17637E+02
 7.05985E+02 5.43323E+02 4.18227E+02 3.22072E+02 2.48115E+02 1.91267E+02
 1.46988E+02 1.13488E+02 8.76996E+01 6.78571E+01 5.25732E+01 4.08028E+01
 3.17511E+01 2.47528E+01 1.93498E+01 1.51764E+01 1.19449E+01 9.43972E+00
 7.49024E+00 5.97188E+00 4.78199E+00 3.84655E+00 3.10703E+00 2.51973E+00
 2.05033E+00 1.67459E+00 1.36888E+00 1.12212E+00 9.19331E-01 7.53749E-01
 6.17463E-01 5.05061E-01 4.12160E-01 3.35347E-01 2.71824E-01 2.19369E-01
 1.76134E-01 1.40617E-01 1.11543E-01 8.78598E-02 6.86711E-02 5.32170E-02
 4.09106E-02 3.10838E-02 2.33570E-02 1.73405E-02 1.27046E-02 9.17455E-03
 6.52033E-03 4.55323E-03 3.11768E-03 2.08832E-03 1.36319E-03 8.68236E-04
 5.33491E-04 3.15286E-04 1.77613E-04 9.40402E-05 4.56989E-05 1.93255E-05
 6.13985E-06 2.93196E-07 0.00000E+00 0.00000E+00 0.00000E+00 0.00000E+00
 0.00000E+00 0.00000E+00 0.00000E+00 0.00000E+00 2.28209E+05 1.76829E+05
 1.35225E+05 1.03398E+05 7.90692E+04 6.04571E+04 4.62300E+04 3.53465E+04
 2.70275E+04 2.06638E+04 1.57999E+04 1.20794E+04 9.23588E+03 7.06092E+03
 5.39876E+03 4.12744E+03 3.15594E+03 2.41290E+03 1.84513E+03 1.41089E+03
 1.07910E+03 8.25360E+02 6.31477E+02 4.83197E+02 3.69889E+02 2.83230E+02
 2.17024E+02 1.65750E+02 1.27191E+02 9.76794E+01 7.51110E+01 5.78285E+01
 4.46005E+01 3.44874E+01 2.67169E+01 2.07527E+01 1.61742E+01 1.26495E+01
 9.93368E+00 7.83234E+00 6.20561E+00 4.93799E+00 3.94735E+00 3.16860E+00
 2.55386E+00 2.06528E+00 1.67657E+00 1.36211E+00 1.10988E+00 9.03830E-01
 7.36651E-01 5.99897E-01 4.87839E-01 3.95808E-01 3.20212E-01 2.58091E-01
 2.07125E-01 1.65385E-01 1.31319E-01 1.03607E-01 8.11778E-02 6.31192E-02
 4.86634E-02 3.72226E-02 2.81421E-02 2.10442E-02 1.55503E-02 1.13416E-02
 8.15556E-03 5.77336E-03 4.01778E-03 2.74341E-03 1.83449E-03 1.19707E-03
 7.63955E-04 4.72005E-04 2.82160E-04 1.62330E-04 8.93700E-05 4.66809E-05
 2.29035E-05 1.03965E-05 4.24812E-06 1.49676E-06 4.07840E-07 4.94111E-08
 0.00000E+00 0.00000E+00 0.00000E+00 0.00000E+00 0.00000E+00 2.96495E+05
 2.28815E+05 1.74166E+05 1.32546E+05 1.00877E+05 7.67591E+04 5.84099E+04
 4.44385E+04 3.38104E+04 2.57191E+04 1.95651E+04 1.48807E+04 1.13185E+04
 8.60737E+03 6.54610E+03 4.97758E+03 3.78525E+03 2.87807E+03 2.18859E+03
 1.66408E+03 1.26552E+03 9.62363E+02 7.32023E+02 5.56837E+02 4.23734E+02
 3.22511E+02 2.45636E+02 1.86443E+02 1.42193E+02 1.08522E+02 8.29288E+01
 6.34461E+01 4.86244E+01 3.73606E+01 2.87589E+01 2.21962E+01 1.71892E+01
 1.33574E+01 1.04229E+01 8.16575E+00 6.42893E+00 5.08339E+00 4.03810E+00
 3.22117E+00 2.58015E+00 2.07361E+00 1.67307E+00 1.35093E+00 1.09416E+00
 8.85659E-01 7.17558E-01 5.80904E-01 4.69644E-01 3.78847E-01 3.04744E-01
 2.44236E-01 1.94912E-01 1.54773E-01 1.22222E-01 9.59089E-02 7.47467E-02
 5.78142E-02 4.43418E-02 3.37442E-02 2.53836E-02 1.88872E-02 1.38889E-02
 1.00823E-02 7.21753E-03 5.08773E-03 3.52710E-03 2.40047E-03 1.60131E-03
 1.04358E-03 6.66402E-04 4.13150E-04 2.48958E-04 1.45401E-04 8.22400E-05
 4.49831E-05 2.38989E-05 1.24013E-05 6.36232E-06 3.27638E-06 1.71147E-06
 8.87353E-07 4.37043E-07 1.85714E-07 5.34905E-08 3.66859E-09 0.00000E+00
 3.82368E+05 2.93977E+05 2.22787E+05 1.68797E+05 1.27889E+05 9.68692E+04
 7.33718E+04 5.55596E+04 4.20705E+04 3.18480E+04 2.41089E+04 1.82456E+04
 1.38080E+04 1.04471E+04 7.90416E+03 5.97873E+03 4.52244E+03 3.42008E+03
 2.58657E+03 1.95582E+03 1.47907E+03 1.11838E+03 8.45824E+02 6.39667E+02
 4.83905E+02 3.66115E+02 2.77178E+02 2.09091E+02 1.58489E+02 1.20211E+02
 9.12890E+01 6.94034E+01 5.28536E+01 4.03524E+01 3.08638E+01 2.36682E+01
 1.82118E+01 1.40612E+01 1.09019E+01 8.48637E+00 6.63887E+00 5.21609E+00
 4.11737E+00 3.26377E+00 2.59799E+00 2.07499E+00 1.66392E+00 1.33529E+00
 1.07497E+00 8.64877E-01 6.96551E-01 5.60570E-01 4.50561E-01 3.61353E-01
 2.89011E-01 2.30315E-01 1.82772E-01 1.44327E-01 1.13348E-01 8.84620E-02
 6.85731E-02 5.27583E-02 4.02512E-02 3.04727E-02 2.28049E-02 1.68825E-02
 1.23531E-02 8.92395E-03 6.35852E-03 4.46230E-03 3.08084E-03 2.08917E-03
 1.38966E-03 9.03974E-04 5.77106E-04 3.58571E-04 2.17353E-04 1.28415E-04
 7.41109E-05 4.18805E-05 2.33943E-05 1.30300E-05 7.31875E-06 4.16130E-06
 2.37417E-06 1.30926E-06 6.63181E-07 2.80763E-07 7.86611E-08 5.53512E-09
 0.00000E+00 4.89541E+05 3.75031E+05 2.83028E+05 2.13533E+05 1.61088E+05
 1.21483E+05 9.16073E+04 6.90557E+04 5.20505E+04 3.92199E+04 2.95491E+04
 2.22555E+04 1.67606E+04 1.26183E+04 9.49891E+03 7.14838E+03 5.37919E+03
 4.04663E+03 3.04411E+03 2.28934E+03 1.72178E+03 1.29467E+03 9.73616E+02
 7.32098E+02 5.50616E+02 4.14137E+02 3.11674E+02 2.33680E+02 1.76049E+02
 1.32710E+02 1.00155E+02 7.56674E+01 5.72600E+01 4.34397E+01 3.30130E+01
 2.51543E+01 1.92310E+01 1.47527E+01 1.13646E+01 8.78988E+00 6.83242E+00
 5.33402E+00 4.18380E+00 3.29555E+00 2.60688E+00 2.06913E+00 1.64902E+00
 1.31519E+00 1.05239E+00 8.41594E-01 6.73757E-01 5.39021E-01 4.30706E-01
 3.43428E-01 2.73098E-01 2.16397E-01 1.70760E-01 1.34090E-01 1.04727E-01
 8.12864E-02 6.26698E-02 4.79586E-02 3.63946E-02 2.74084E-02 2.04046E-02
 1.50276E-02 1.09401E-02 7.86403E-03 5.57639E-03 3.89544E-03 2.67795E-03
 1.80900E-03 1.19954E-03 7.78600E-04 4.96710E-04 3.09087E-04 1.88258E-04
 1.12296E-04 6.58750E-05 3.81782E-05 2.20970E-05 1.28698E-05 7.58869E-06
 4.50864E-06 2.65229E-06 1.48406E-06 7.50511E-07 3.12298E-07 8.49987E-08
 6.08136E-09 0.00000E+00 6.22260E+05 4.75068E+05 3.57083E+05 2.68308E+05
 2.01569E+05 1.51372E+05 1.13656E+05 8.53035E+04 6.40122E+04 4.80159E+04
 3.60104E+04 2.69958E+04 2.02342E+04 1.51601E+04 1.13565E+04 8.50388E+03
 6.36686E+03 4.76506E+03 3.56585E+03 2.66752E+03 1.99541E+03 1.49222E+03
 1.11595E+03 8.34400E+02 6.23970E+02 4.66585E+02 3.49086E+02 2.60151E+02
 1.94811E+02 1.45958E+02 1.09474E+02 8.21942E+01 6.18081E+01 4.65946E+01
 3.51852E+01 2.66382E+01 2.02349E+01 1.54233E+01 1.18049E+01 9.07192E+00
 7.00661E+00 5.43521E+00 4.23614E+00 3.31576E+00 2.60644E+00 2.05590E+00
 1.62839E+00 1.29075E+00 1.02656E+00 8.15977E-01 6.49344E-01 5.16415E-01
 4.10222E-01 3.25195E-01 2.57110E-01 2.02566E-01 1.58942E-01 1.24110E-01
 9.63935E-02 7.44064E-02 5.70527E-02 4.34244E-02 3.27765E-02 2.45526E-02
 1.81817E-02 1.33205E-02 9.64737E-03 6.89980E-03 4.86869E-03 3.38512E-03
 2.31691E-03 1.55894E-03 1.03036E-03 6.67242E-04 4.25289E-04 2.64974E-04
 1.62082E-04 9.75142E-05 5.80177E-05 3.43333E-05 2.04186E-05 1.22685E-05
 7.45310E-06 4.53197E-06 2.69877E-06 1.51196E-06 7.57412E-07 3.08726E-07
 8.16484E-08 5.92738E-09 0.00000E+00 7.85309E+05 5.97553E+05 4.47395E+05
 3.34836E+05 2.50535E+05 1.87374E+05 1.40101E+05 1.04706E+05 7.82328E+04
 5.84256E+04 4.36218E+04 3.25536E+04 2.42873E+04 1.81115E+04 1.35026E+04
 1.00618E+04 7.49609E+03 5.58204E+03 4.15589E+03 3.09278E+03 2.30131E+03
 1.71176E+03 1.27315E+03 9.46670E+02 7.03942E+02 5.23376E+02 3.89307E+02
 2.88398E+02 2.14676E+02 1.59874E+02 1.19179E+02 8.89295E+01 6.64560E+01
 4.97849E+01 3.73564E+01 2.81024E+01 2.12108E+01 1.60639E+01 1.22165E+01
 9.32829E+00 7.15868E+00 5.51792E+00 4.27336E+00 3.32386E+00 2.59645E+00
 2.03528E+00 1.60213E+00 1.26212E+00 9.97702E-01 7.88239E-01 6.23517E-01
 4.92937E-01 3.89270E-01 3.06790E-01 2.41158E-01 1.88910E-01 1.47385E-01
 1.14438E-01 8.83849E-02 6.78468E-02 5.17372E-02 3.91644E-02 2.94007E-02
 2.19057E-02 1.61349E-02 1.17585E-02 8.47171E-03 6.02806E-03 4.23249E-03
 2.92883E-03 1.99572E-03 1.33750E-03 8.81114E-04 5.69287E-04 3.62542E-04
 2.26166E-04 1.38923E-04 8.42621E-05 5.07814E-05 3.05975E-05 1.85977E-05
 1.14337E-05 7.08265E-06 4.36205E-06 2.60718E-06 1.45388E-06 7.18920E-07
 2.86627E-07 7.36962E-08 5.42436E-09 0.00000E+00 9.83998E+05 7.46308E+05
 5.56636E+05 4.14982E+05 3.09279E+05 2.30383E+05 1.71556E+05 1.27684E+05
 9.49994E+04 7.06436E+04 5.25140E+04 3.90159E+04 2.89773E+04 2.15098E+04
 1.59612E+04 1.18375E+04 8.77633E+03 6.50329E+03 4.81753E+03 3.56696E+03
 2.64039E+03 1.95364E+03 1.44527E+03 1.06881E+03 7.90367E+02 5.84325E+02
 4.32163E+02 3.18267E+02 2.35517E+02 1.74351E+02 1.29188E+02 9.58104E+01
 7.11562E+01 5.29756E+01 3.95012E+01 2.95287E+01 2.21460E+01 1.66657E+01
 1.25936E+01 9.55509E+00 7.28618E+00 5.58068E+00 4.29470E+00 3.31951E+00
 2.57686E+00 2.00738E+00 1.57046E+00 1.22957E+00 9.66077E-01 7.58639E-01
 5.96512E-01 4.68793E-01 3.68026E-01 2.88356E-01 2.25355E-01 1.75518E-01
 1.36157E-01 1.05123E-01 8.07349E-02 6.16296E-02 4.67367E-02 3.51854E-02
 2.62694E-02 1.94669E-02 1.42614E-02 1.03378E-02 7.40909E-03 5.24491E-03
 3.66430E-03 2.52361E-03 1.71201E-03 1.14286E-03 7.50506E-04 4.83861E-04
 3.07937E-04 1.92388E-04 1.18688E-04 7.25669E-05 4.42633E-05 2.70995E-05
 1.67699E-05 1.04902E-05 6.58268E-06 4.08069E-06 2.43614E-06 1.34770E-06
 6.56489E-07 2.55809E-07 6.39809E-08 4.77291E-09 0.00000E+00 1.22413E+06
 9.25483E+05 6.87686E+05 5.10735E+05 3.79170E+05 2.81337E+05 2.08663E+05
 1.54672E+05 1.14603E+05 8.48641E+04 6.28154E+04 4.64670E+04 3.43587E+04
 2.53899E+04 1.87542E+04 1.38442E+04 1.02155E+04 7.53326E+03 5.55314E+03
 4.09111E+03 3.01301E+03 2.21784E+03 1.63210E+03 1.20052E+03 8.82936E+02
 6.49149E+02 4.77409E+02 3.49556E+02 2.57173E+02 1.89268E+02 1.39405E+02
 1.02767E+02 7.58573E+01 5.61297E+01 4.15932E+01 3.08986E+01 2.30279E+01
 1.72204E+01 1.29305E+01 9.74889E+00 7.38709E+00 5.62241E+00 4.29966E+00
 3.30261E+00 2.54780E+00 1.97247E+00 1.53369E+00 1.19342E+00 9.32006E-01
 7.27466E-01 5.68583E-01 4.44198E-01 3.46667E-01 2.70037E-01 2.09816E-01
 1.62476E-01 1.25320E-01 9.62086E-02 7.34728E-02 5.57729E-02 4.20608E-02
 3.14911E-02 2.33822E-02 1.72334E-02 1.25568E-02 9.05351E-03 6.45456E-03
 4.54575E-03 3.16008E-03 2.16611E-03 1.46310E-03 9.72990E-04 6.37036E-04
 4.09927E-04 2.60797E-04 1.63239E-04 1.01175E-04 6.23591E-05 3.84757E-05
 2.38955E-05 1.50093E-05 9.51297E-06 6.01912E-06 3.74006E-06 2.22310E-06
 1.21740E-06 5.83398E-07 2.22076E-07 5.40641E-08 4.08680E-09 0.00000E+00
 1.51193E+06 1.13951E+06 8.43592E+05 6.24184E+05 4.61633E+05 3.41201E+05
 2.52070E+05 1.86103E+05 1.37332E+05 1.01276E+05 7.46492E+04 5.49858E+04
 4.04813E+04 2.97825E+04 2.19001E+04 1.60928E+04 1.18194E+04 8.67493E+03
 6.36395E+03 4.66553E+03 3.41892E+03 2.50388E+03 1.83308E+03 1.34129E+03
 9.81194E+02 7.17464E+02 5.24736E+02 3.82024E+02 2.79460E+02 2.04483E+02
 1.49729E+02 1.09724E+02 8.05055E+01 5.92090E+01 4.36062E+01 3.21945E+01
 2.38446E+01 1.77202E+01 1.32227E+01 9.90688E+00 7.45988E+00 5.64240E+00
 4.28807E+00 3.27330E+00 2.50958E+00 1.93092E+00 1.49223E+00 1.15408E+00
 8.95849E-01 6.95037E-01 5.39998E-01 4.19373E-01 3.25370E-01 2.51971E-01
 1.94644E-01 1.49862E-01 1.14930E-01 8.77321E-02 6.66218E-02 5.02895E-02
 3.77148E-02 2.80816E-02 2.07359E-02 1.51998E-02 1.10151E-02 7.89951E-03
 5.60229E-03 3.92537E-03 2.71539E-03 1.85268E-03 1.24610E-03 8.25682E-04
 5.39104E-04 3.46367E-04 2.20378E-04 1.38260E-04 8.61251E-05 5.35172E-05
 3.33836E-05 2.10000E-05 1.33543E-05 8.54686E-06 5.43373E-06 3.37388E-06
 1.99224E-06 1.07827E-06 5.07845E-07 1.88798E-07 4.47666E-08 3.42859E-09
 0.00000E+00 1.85400E+06 1.39303E+06 1.02752E+06 7.57476E+05 5.58113E+05
 4.10945E+05 3.02421E+05 2.22402E+05 1.63464E+05 1.20059E+05 8.81289E+04
 6.46433E+04 4.73884E+04 3.47133E+04 2.54133E+04 1.85908E+04 1.35918E+04
 9.92957E+03 7.24995E+03 5.28956E+03 3.85726E+03 2.81085E+03 2.04739E+03
 1.49038E+03 1.08454E+03 7.88796E+02 5.73776E+02 4.15393E+02 3.02168E+02
 2.19845E+02 1.60049E+02 1.16603E+02 8.50465E+01 6.21763E+01 4.55149E+01
 3.33995E+01 2.45855E+01 1.81585E+01 1.34661E+01 1.00269E+01 7.50357E+00
 5.64040E+00 4.26009E+00 3.23195E+00 2.46268E+00 1.88326E+00 1.44657E+00
 1.11199E+00 8.57990E-01 6.61676E-01 5.11025E-01 3.94533E-01 3.04304E-01
 2.34287E-01 1.79937E-01 1.37742E-01 1.05033E-01 7.97225E-02 6.01981E-02
 4.51863E-02 3.36992E-02 2.49532E-02 1.83245E-02 1.33592E-02 9.62880E-03
 6.86855E-03 4.84573E-03 3.37809E-03 2.32550E-03 1.57950E-03 1.05804E-03
 6.98695E-04 4.55078E-04 2.92040E-04 1.85917E-04 1.16968E-04 7.32587E-05
 4.58968E-05 2.89285E-05 1.84048E-05 1.18217E-05 7.61850E-06 4.85319E-06
 3.00419E-06 1.75928E-06 9.39978E-07 4.34791E-07 1.57840E-07 3.64762E-08
 2.83020E-09 0.00000E+00 2.25718E+06 1.69084E+06 1.24271E+06 9.12776E+05
 6.70053E+05 4.91520E+05 3.60339E+05 2.63972E+05 1.93255E+05 1.41374E+05
 1.03354E+05 7.54994E+04 5.51149E+04 4.02015E+04 2.93037E+04 2.13425E+04
 1.55337E+04 1.12966E+04 8.20979E+03 5.96164E+03 4.32648E+03 3.13739E+03
 2.27387E+03 1.64688E+03 1.19226E+03 8.62587E+02 6.24108E+02 4.49353E+02
 3.25074E+02 2.35192E+02 1.70253E+02 1.23325E+02 8.94264E+01 6.49954E+01
 4.72957E+01 3.44986E+01 2.52412E+01 1.85299E+01 1.36578E+01 1.01076E+01
 7.51772E+00 5.61653E+00 4.21615E+00 3.17914E+00 2.40771E+00 1.83006E+00
 1.39726E+00 1.06760E+00 8.18830E-01 6.27711E-01 4.81927E-01 3.69885E-01
 2.83627E-01 2.17101E-01 1.65775E-01 1.26174E-01 9.56632E-02 7.21998E-02
 5.42107E-02 4.04646E-02 3.00101E-02 2.20991E-02 1.61393E-02 1.17023E-02
 8.38914E-03 5.95259E-03 4.17782E-03 2.89796E-03 1.98552E-03 1.34269E-03
 8.95946E-04 5.89806E-04 3.83354E-04 2.45836E-04 1.56670E-04 9.88943E-05
 6.22976E-05 3.93491E-05 2.50431E-05 1.60906E-05 1.04171E-05 6.74338E-06
 4.29451E-06 2.64530E-06 1.53427E-06 8.08512E-07 3.67090E-07 1.30127E-07
 2.93283E-08 2.30517E-09 0.00000E+00 2.72843E+06 2.03777E+06 1.49236E+06
 1.09221E+06 7.98850E+05 5.83834E+05 4.26408E+05 3.11182E+05 2.26937E+05
 1.65362E+05 1.20409E+05 8.76010E+04 6.36856E+04 4.62588E+04 3.35754E+04
 2.43480E+04 1.76432E+04 1.27733E+04 9.24073E+03 6.67923E+03 4.82440E+03
 3.48171E+03 2.51111E+03 1.80968E+03 1.30350E+03 9.38210E+02 6.75274E+02
 4.83574E+02 3.47943E+02 2.50361E+02 1.80225E+02 1.29814E+02 9.35939E+01
 6.76329E+01 4.89273E+01 3.54786E+01 2.58040E+01 1.88300E+01 1.37957E+01
 1.01483E+01 7.50247E+00 5.57133E+00 4.15697E+00 3.11564E+00 2.34542E+00
 1.77200E+00 1.34486E+00 1.02142E+00 7.78767E-01 5.93462E-01 4.52954E-01
 3.45617E-01 2.63478E-01 2.00512E-01 1.52227E-01 1.15201E-01 8.68469E-02
 6.51757E-02 4.86617E-02 3.61200E-02 2.66395E-02 1.95091E-02 1.41698E-02
 1.02188E-02 7.28642E-03 5.14303E-03 3.59123E-03 2.47888E-03 1.69057E-03
 1.13844E-03 7.56903E-04 4.96875E-04 3.22406E-04 2.06700E-04 1.31937E-04
 8.35974E-05 5.29799E-05 3.37318E-05 2.16598E-05 1.40336E-05 9.13932E-06
 5.93010E-06 3.76839E-06 2.30634E-06 1.32348E-06 6.87362E-07 3.06209E-07
 1.05997E-07 2.33153E-08 1.85623E-09 0.00000E+00 1.04721E+05 1.03388E+05
 7.99098E+04 6.17633E+04 4.77378E+04 3.68974E+04 2.85188E+04 2.20430E+04
 1.70377E+04 1.31692E+04 1.01791E+04 7.86809E+03 6.08187E+03 4.70128E+03
 3.63421E+03 2.80944E+03 2.17197E+03 1.67924E+03 1.29840E+03 1.00402E+03
 7.76479E+02 6.00594E+02 4.64633E+02 3.59530E+02 2.78277E+02 2.15458E+02
 1.66886E+02 1.28858E+02 9.99256E+01 7.75417E+01 6.02201E+01 4.68117E+01
 3.64283E+01 2.84046E+01 2.21667E+01 1.73284E+01 1.35714E+01 1.06500E+01
 8.37429E+00 6.59728E+00 5.20837E+00 4.11809E+00 3.26020E+00 2.58317E+00
 2.04737E+00 1.62228E+00 1.28544E+00 1.01548E+00 8.01554E-01 6.29919E-01
 4.93680E-01 3.85244E-01 2.99130E-01 2.30947E-01 1.77165E-01 1.34938E-01
 1.01963E-01 7.63759E-02 5.66621E-02 4.15947E-02 3.01807E-02 2.16190E-02
 1.52666E-02 1.06284E-02 7.25212E-03 4.84856E-03 3.16644E-03 2.01184E-03
 1.23684E-03 7.30030E-04 4.08753E-04 2.12697E-04 9.86639E-05 3.65229E-05
 6.03976E-06 0.00000E+00 0.00000E+00 0.00000E+00 0.00000E+00 0.00000E+00
 0.00000E+00 0.00000E+00 0.00000E+00 0.00000E+00 0.00000E+00 0.00000E+00
 0.00000E+00 0.00000E+00 0.00000E+00 0.00000E+00 0.00000E+00 1.74297E+05
 1.35647E+05 1.04257E+05 8.01260E+04 6.15857E+04 4.73323E+04 3.63807E+04
 2.79612E+04 2.14920E+04 1.65184E+04 1.26968E+04 9.75871E+03 7.50115E+03
 5.76550E+03 4.43187E+03 3.40654E+03 2.61872E+03 2.01301E+03 1.54761E+03
 1.18979E+03 9.14861E+02 7.03485E+02 5.41069E+02 4.16193E+02 3.20235E+02
 2.46452E+02 1.89759E+02 1.45620E+02 1.12241E+02 8.65608E+01 6.68131E+01
 5.16125E+01 3.99151E+01 3.09273E+01 2.39848E+01 1.86307E+01 1.45001E+01
 1.13066E+01 8.83543E+00 6.91699E+00 5.42751E+00 4.26525E+00 3.35679E+00
 2.64418E+00 2.08404E+00 1.64228E+00 1.29459E+00 1.01753E+00 7.99461E-01
 6.25479E-01 4.88222E-01 3.79556E-01 2.93749E-01 2.26138E-01 1.73078E-01
 1.31586E-01 9.93207E-02 7.43637E-02 5.51998E-02 4.05811E-02 2.95289E-02
 2.12429E-02 1.50940E-02 1.05970E-02 7.31419E-03 4.96374E-03 3.30700E-03
 2.15689E-03 1.37382E-03 8.50501E-04 5.09439E-04 2.92288E-04 1.58696E-04
 7.88676E-05 3.40057E-05 9.71494E-06 0.00000E+00 0.00000E+00 0.00000E+00
 0.00000E+00 0.00000E+00 0.00000E+00 0.00000E+00 0.00000E+00 0.00000E+00
 0.00000E+00 0.00000E+00 0.00000E+00 0.00000E+00 0.00000E+00 0.00000E+00
 2.28183E+05 1.76805E+05 1.35204E+05 1.03379E+05 7.90522E+04 6.04419E+04
 4.62163E+04 3.53342E+04 2.70165E+04 2.06539E+04 1.57910E+04 1.20714E+04
 9.22874E+03 7.05451E+03 5.39300E+03 4.12228E+03 3.15130E+03 2.40873E+03
 1.84138E+03 1.40752E+03 1.07607E+03 8.22631E+02 6.29017E+02 4.80978E+02
 3.67886E+02 2.81418E+02 2.15382E+02 1.64262E+02 1.25837E+02 9.64434E+01
 7.39797E+01 5.67897E+01 4.36431E+01 3.36015E+01 2.58939E+01 1.99852E+01
 1.54559E+01 1.19751E+01 9.29882E+00 7.23387E+00 5.64106E+00 4.40583E+00
 3.44661E+00 2.69887E+00 2.11500E+00 1.65734E+00 1.29950E+00 1.01606E+00
 7.94408E-01 6.18601E-01 4.80743E-01 3.72204E-01 2.86984E-01 2.20179E-01
 1.68019E-01 1.27415E-01 9.59792E-02 7.17563E-02 5.32255E-02 3.91296E-02
 2.85019E-02 2.05476E-02 1.46517E-02 1.03403E-02 7.19083E-03 4.92992E-03
 3.33065E-03 2.21349E-03 1.44667E-03 9.27692E-04 5.83948E-04 3.59831E-04
 2.17359E-04 1.28114E-04 7.44724E-05 4.22499E-05 2.36466E-05 1.29703E-05
 7.04333E-06 3.70797E-06 1.89805E-06 8.84303E-07 3.57476E-07 8.26274E-08
 0.00000E+00 0.00000E+00 0.00000E+00 0.00000E+00 0.00000E+00 0.00000E+00
 0.00000E+00 2.96466E+05 2.28790E+05 1.74143E+05 1.32526E+05 1.00858E+05
 7.67425E+04 5.83950E+04 4.44251E+04 3.37984E+04 2.57084E+04 1.95554E+04
 1.48720E+04 1.13107E+04 8.60039E+03 6.53984E+03 4.97197E+03 3.78020E+03
 2.87354E+03 2.18451E+03 1.66042E+03 1.26223E+03 9.59400E+02 7.29353E+02
 5.54431E+02 4.21562E+02 3.20547E+02 2.43858E+02 1.84833E+02 1.40729E+02
 1.07189E+02 8.17106E+01 6.23299E+01 4.75982E+01 3.64138E+01 2.78824E+01
 2.13821E+01 1.64306E+01 1.26487E+01 9.75948E+00 7.54408E+00 5.84619E+00
 4.53775E+00 3.52820E+00 2.74623E+00 2.13960E+00 1.66707E+00 1.29999E+00
 1.01099E+00 7.86449E-01 6.09405E-01 4.71411E-01 3.63384E-01 2.79044E-01
 2.13279E-01 1.62199E-01 1.22623E-01 9.21248E-02 6.87222E-02 5.08902E-02
 3.73718E-02 2.72118E-02 1.96263E-02 1.40148E-02 9.91616E-03 6.92379E-03
 4.77414E-03 3.25131E-03 2.18412E-03 1.44823E-03 9.46571E-04 6.11099E-04
 3.89380E-04 2.45809E-04 1.53642E-04 9.63601E-05 6.03951E-05 3.83581E-05
 2.46694E-05 1.62410E-05 1.08277E-05 7.35864E-06 4.98331E-06 3.36066E-06
 2.19754E-06 1.38178E-06 8.06176E-07 4.22473E-07 1.84107E-07 5.34168E-08
 3.66815E-09 0.00000E+00 3.82337E+05 2.93949E+05 2.22762E+05 1.68775E+05
 1.27868E+05 9.68512E+04 7.33556E+04 5.55451E+04 4.20575E+04 3.18364E+04
 2.40984E+04 1.82362E+04 1.37996E+04 1.04395E+04 7.89737E+03 5.97264E+03
 4.51697E+03 3.41517E+03 2.58216E+03 1.95186E+03 1.47551E+03 1.11518E+03
 8.42939E+02 6.37068E+02 4.81560E+02 3.63997E+02 2.75263E+02 2.07358E+02
 1.56916E+02 1.18780E+02 8.99838E+01 6.82101E+01 5.17593E+01 3.93457E+01
 2.99349E+01 2.28089E+01 1.74145E+01 1.33200E+01 1.02117E+01 7.84333E+00
 6.03980E+00 4.65876E+00 3.60002E+00 2.78518E+00 2.15714E+00 1.67101E+00
 1.29579E+00 1.00221E+00 7.75553E-01 5.97921E-01 4.60298E-01 3.53186E-01
 2.70035E-01 2.05552E-01 1.55730E-01 1.17321E-01 8.78627E-02 6.53595E-02
 4.82852E-02 3.53907E-02 2.57341E-02 1.85465E-02 1.32429E-02 9.37708E-03
 6.55894E-03 4.53583E-03 3.10262E-03 2.09712E-03 1.40221E-03 9.26677E-04
 6.06908E-04 3.93896E-04 2.54461E-04 1.63697E-04 1.06196E-04 6.92487E-05
 4.59123E-05 3.08939E-05 2.12359E-05 1.47503E-05 1.03772E-05 7.24803E-06
 5.00383E-06 3.33851E-06 2.12581E-06 1.24888E-06 6.52493E-07 2.79598E-07
 7.86080E-08 5.53479E-09 0.00000E+00 4.89508E+05 3.75000E+05 2.83001E+05
 2.13509E+05 1.61066E+05 1.21464E+05 9.15897E+04 6.90399E+04 5.20365E+04
 3.92073E+04 2.95378E+04 2.22454E+04 1.67515E+04 1.26101E+04 9.49158E+03
 7.14180E+03 5.37329E+03 4.04133E+03 3.03935E+03 2.28506E+03 1.71794E+03
 1.29121E+03 9.70510E+02 7.29301E+02 5.48095E+02 4.11861E+02 3.09618E+02
 2.31822E+02 1.74365E+02 1.31180E+02 9.87625E+01 7.43971E+01 5.60980E+01
 4.23739E+01 3.20329E+01 2.42510E+01 1.83965E+01 1.39807E+01 1.06494E+01
 8.12726E+00 6.21878E+00 4.76671E+00 3.66060E+00 2.81478E+00 2.16704E+00
 1.66885E+00 1.28675E+00 9.89680E-01 7.61756E-01 5.84225E-01 4.47508E-01
 3.41727E-01 2.60080E-01 1.97114E-01 1.48725E-01 1.11612E-01 8.32890E-02
 6.17549E-02 4.54886E-02 3.32556E-02 2.41299E-02 1.73616E-02 1.23827E-02
 8.76336E-03 6.13084E-03 4.24423E-03 2.90919E-03 1.97290E-03 1.32547E-03
 8.81739E-04 5.82488E-04 3.82274E-04 2.50377E-04 1.63816E-04 1.08324E-04
 7.21759E-05 4.89211E-05 3.36515E-05 2.35824E-05 1.66630E-05 1.18687E-05
 8.37024E-06 5.80611E-06 3.88207E-06 2.46546E-06 1.43921E-06 7.42680E-07
 3.11455E-07 8.49605E-08 6.08112E-09 0.00000E+00 6.22224E+05 4.75035E+05
 3.57054E+05 2.68282E+05 2.01546E+05 1.51351E+05 1.13637E+05 8.52865E+04
 6.39970E+04 4.80022E+04 3.59982E+04 2.69848E+04 2.02244E+04 1.51513E+04
 1.13486E+04 8.49679E+03 6.36051E+03 4.75936E+03 3.56073E+03 2.66292E+03
 1.99128E+03 1.48851E+03 1.11262E+03 8.31399E+02 6.21267E+02 4.64148E+02
 3.46886E+02 2.58166E+02 1.93014E+02 1.44329E+02 1.07994E+02 8.08467E+01
 6.05788E+01 4.54703E+01 3.41549E+01 2.56922E+01 1.93647E+01 1.46220E+01
 1.10664E+01 8.39148E+00 6.38015E+00 4.85960E+00 3.70867E+00 2.83425E+00
 2.16886E+00 1.66036E+00 1.27283E+00 9.73429E-01 7.45152E-01 5.68443E-01
 4.33179E-01 3.29145E-01 2.49309E-01 1.88089E-01 1.41297E-01 1.05599E-01
 7.84938E-02 5.79874E-02 4.25692E-02 3.10260E-02 2.24506E-02 1.61156E-02
 1.14717E-02 8.10674E-03 5.66623E-03 3.92161E-03 2.68945E-03 1.82657E-03
 1.23029E-03 8.21629E-04 5.45720E-04 3.60739E-04 2.38431E-04 1.57770E-04
 1.05656E-04 7.14033E-05 4.90870E-05 3.42335E-05 2.42653E-05 1.73099E-05
 1.24000E-05 8.77492E-06 6.08359E-06 4.05592E-06 2.55854E-06 1.47873E-06
 7.51686E-07 3.08117E-07 8.16209E-08 5.92720E-09 0.00000E+00 7.85270E+05
 5.97518E+05 4.47364E+05 3.34808E+05 2.50510E+05 1.87351E+05 1.40080E+05
 1.04687E+05 7.82164E+04 5.84110E+04 4.36087E+04 3.25418E+04 2.42767E+04
 1.81020E+04 1.34941E+04 1.00542E+04 7.48926E+03 5.57592E+03 4.15039E+03
 3.08785E+03 2.29689E+03 1.70778E+03 1.26958E+03 9.43459E+02 7.01052E+02
 5.20773E+02 3.86960E+02 2.86284E+02 2.12765E+02 1.58144E+02 1.17611E+02
 8.75050E+01 6.51597E+01 4.86030E+01 3.62770E+01 2.71151E+01 2.03065E+01
 1.52350E+01 1.14565E+01 8.63179E+00 6.52114E+00 4.93566E+00 3.74317E+00
 2.84298E+00 2.16233E+00 1.64547E+00 1.25407E+00 9.53579E-01 7.25898E-01
 5.50743E-01 4.17479E-01 3.15599E-01 2.37869E-01 1.78606E-01 1.33559E-01
 9.93788E-02 7.35614E-02 5.41287E-02 3.95882E-02 2.87534E-02 2.07398E-02
 1.48449E-02 1.05402E-02 7.43238E-03 5.18593E-03 3.58501E-03 2.45729E-03
 1.66931E-03 1.12565E-03 7.53463E-04 5.02208E-04 3.33655E-04 2.21995E-04
 1.48136E-04 1.00154E-04 6.84113E-05 4.75264E-05 3.34776E-05 2.39163E-05
 1.71645E-05 1.23286E-05 8.72876E-06 6.03342E-06 4.00138E-06 2.50221E-06
 1.42931E-06 7.14743E-07 2.86188E-07 7.36765E-08 5.42422E-09 0.00000E+00
 9.83955E+05 7.46270E+05 5.56602E+05 4.14951E+05 3.09252E+05 2.30358E+05
 1.71534E+05 1.27665E+05 9.49818E+04 7.06278E+04 5.24998E+04 3.90032E+04
 2.89659E+04 2.14996E+04 1.59521E+04 1.18293E+04 8.76901E+03 6.49673E+03
 4.81165E+03 3.56168E+03 2.63566E+03 1.94939E+03 1.44146E+03 1.06538E+03
 7.87286E+02 5.81553E+02 4.29666E+02 3.16020E+02 2.33490E+02 1.72520E+02
 1.27530E+02 9.43089E+01 6.97935E+01 5.17370E+01 3.83738E+01 2.85015E+01
 2.12091E+01 1.58109E+01 1.18137E+01 8.84432E+00 6.63930E+00 4.99343E+00
 3.76328E+00 2.84061E+00 2.14734E+00 1.62425E+00 1.23062E+00 9.30328E-01
 7.04207E-01 5.31333E-01 4.00602E-01 3.01260E-01 2.25911E-01 1.68795E-01
 1.25622E-01 9.30456E-02 6.85701E-02 5.02438E-02 3.65993E-02 2.64819E-02
 1.90335E-02 1.35790E-02 9.61242E-03 6.76007E-03 4.70596E-03 3.24733E-03
 2.22303E-03 1.50934E-03 1.01803E-03 6.82314E-04 4.55892E-04 3.04052E-04
 2.03377E-04 1.36657E-04 9.31291E-05 6.41791E-05 4.49699E-05 3.19279E-05
 2.29425E-05 1.65312E-05 1.18832E-05 8.40230E-06 5.78130E-06 3.80830E-06
 2.35782E-06 1.32960E-06 6.53453E-07 2.55494E-07 6.39668E-08 4.77280E-09
 0.00000E+00 1.22408E+06 9.25442E+05 6.87649E+05 5.10702E+05 3.79141E+05
 2.81311E+05 2.08639E+05 1.54651E+05 1.14584E+05 8.48471E+04 6.28002E+04
 4.64534E+04 3.43465E+04 2.53790E+04 1.87444E+04 1.38355E+04 1.02076E+04
 7.52624E+03 5.54685E+03 4.08547E+03 3.00795E+03 2.21330E+03 1.62803E+03
 1.19687E+03 8.79658E+02 6.46202E+02 4.74759E+02 3.47175E+02 2.55028E+02
 1.87333E+02 1.37659E+02 1.01189E+02 7.44289E+01 5.48353E+01 4.04192E+01
 2.98330E+01 2.20601E+01 1.63415E+01 1.21328E+01 9.02568E+00 6.73262E+00
 5.03179E+00 3.76850E+00 2.82697E+00 2.12397E+00 1.59689E+00 1.20274E+00
 9.03942E-01 6.80338E-01 5.10452E-01 3.82759E-01 2.86313E-01 2.13590E-01
 1.58786E-01 1.17594E-01 8.66867E-02 6.35909E-02 4.63901E-02 3.36487E-02
 2.42488E-02 1.73616E-02 1.23420E-02 8.70741E-03 6.10498E-03 4.23840E-03
 2.91810E-03 1.99419E-03 1.35254E-03 9.12011E-04 6.11710E-04 4.09476E-04
 2.73985E-04 1.84125E-04 1.24490E-04 8.54437E-05 5.93454E-05 4.18912E-05
 2.99363E-05 2.16065E-05 1.56068E-05 1.12124E-05 7.90652E-06 5.40903E-06
 3.53501E-06 2.16485E-06 1.20411E-06 5.81197E-07 2.21850E-07 5.40541E-08
 4.08672E-09 0.00000E+00 1.51188E+06 1.13946E+06 8.43553E+05 6.24149E+05
 4.61601E+05 3.41173E+05 2.52044E+05 1.86080E+05 1.37312E+05 1.01258E+05
 7.46330E+04 5.49713E+04 4.04682E+04 2.97708E+04 2.18896E+04 1.60834E+04
 1.18111E+04 8.66743E+03 6.35723E+03 4.65951E+03 3.41353E+03 2.49905E+03
 1.82875E+03 1.33741E+03 9.77712E+02 7.14339E+02 5.21930E+02 3.79507E+02
 2.77196E+02 2.02445E+02 1.47894E+02 1.08069E+02 7.90123E+01 5.78601E+01
 4.23870E+01 3.10922E+01 2.28478E+01 1.68191E+01 1.24089E+01 9.17308E+00
 6.79957E+00 5.05005E+00 3.75862E+00 2.80217E+00 2.09247E+00 1.56371E+00
 1.17076E+00 8.74748E-01 6.54589E-01 4.88359E-01 3.64171E-01 2.70942E-01
 2.01058E-01 1.48702E-01 1.09574E-01 8.03813E-02 5.86866E-02 4.26168E-02
 3.07752E-02 2.20843E-02 1.57479E-02 1.11521E-02 7.83960E-03 5.47837E-03
 3.79199E-03 2.60412E-03 1.77601E-03 1.20294E-03 8.10678E-04 5.44007E-04
 3.64745E-04 2.44795E-04 1.65239E-04 1.12378E-04 7.76474E-05 5.43173E-05
 3.85924E-05 2.77284E-05 2.00779E-05 1.45197E-05 1.04134E-05 7.31489E-06
 4.97082E-06 3.22005E-06 1.94906E-06 1.06854E-06 5.06256E-07 1.88637E-07
 4.47595E-08 3.42854E-09 0.00000E+00 1.85395E+06 1.39298E+06 1.02748E+06
 7.57438E+05 5.58079E+05 4.10915E+05 3.02394E+05 2.22377E+05 1.63442E+05
 1.20040E+05 8.81115E+04 6.46277E+04 4.73744E+04 3.47008E+04 2.54022E+04
 1.85808E+04 1.35829E+04 9.92157E+03 7.24279E+03 5.28315E+03 3.85152E+03
 2.80571E+03 2.04279E+03 1.48626E+03 1.08085E+03 7.85489E+02 5.70810E+02
 4.12737E+02 2.99784E+02 2.17703E+02 1.58125E+02 1.14872E+02 8.34894E+01
 6.07742E+01 4.42522E+01 3.22623E+01 2.35616E+01 1.72373E+01 1.26382E+01
 9.28441E+00 6.83919E+00 5.04790E+00 3.73374E+00 2.76652E+00 2.05325E+00
 1.52514E+00 1.13511E+00 8.43117E-01 6.27283E-01 4.65327E-01 3.45065E-01
 2.55330E-01 1.88461E-01 1.38659E-01 1.01652E-01 7.41996E-02 5.39111E-02
 3.89654E-02 2.80102E-02 2.00122E-02 1.42103E-02 1.00233E-02 7.01940E-03
 4.88813E-03 3.37271E-03 2.30991E-03 1.57192E-03 1.06314E-03 7.15991E-04
 4.80674E-04 3.22799E-04 2.17301E-04 1.47330E-04 1.00774E-04 7.00765E-05
 4.93457E-05 3.52619E-05 2.54472E-05 1.84661E-05 1.33544E-05 9.55130E-06
 6.67680E-06 4.50310E-06 2.88916E-06 1.72738E-06 9.32883E-07 4.33647E-07
 1.57725E-07 3.64712E-08 2.83016E-09 0.00000E+00 2.25713E+06 1.69079E+06
 1.24266E+06 9.12736E+05 6.70017E+05 4.91487E+05 3.60310E+05 2.63946E+05
 1.93232E+05 1.41354E+05 1.03336E+05 7.54827E+04 5.51000E+04 4.01882E+04
 2.92918E+04 2.13318E+04 1.55242E+04 1.12880E+04 8.20217E+03 5.95483E+03
 4.32038E+03 3.13194E+03 2.26900E+03 1.64252E+03 1.18836E+03 8.59094E+02
 6.20981E+02 4.46557E+02 3.22569E+02 2.32947E+02 1.68240E+02 1.21520E+02
 8.78068E+01 6.35418E+01 4.59913E+01 3.33285E+01 2.41922E+01 1.75905E+01
 1.28178E+01 9.35831E+00 6.85103E+00 5.02546E+00 3.69425E+00 2.72053E+00
 2.00685E+00 1.48170E+00 1.09624E+00 8.09451E-01 5.98757E-01 4.41632E-01
 3.25661E-01 2.39651E-01 1.75936E-01 1.28761E-01 9.39078E-02 6.82012E-02
 4.93089E-02 3.54686E-02 2.53780E-02 1.80504E-02 1.27620E-02 8.96482E-03
 6.25372E-03 4.33931E-03 2.98427E-03 2.03819E-03 1.38392E-03 9.34604E-04
 6.29045E-04 4.22526E-04 2.84244E-04 1.91956E-04 1.30735E-04 8.99317E-05
 6.29226E-05 4.45775E-05 3.20133E-05 2.31821E-05 1.68416E-05 1.21668E-05
 8.66979E-06 6.02586E-06 4.03061E-06 2.55957E-06 1.51079E-06 8.03354E-07
 3.66269E-07 1.30046E-07 2.93247E-08 2.30514E-09 0.00000E+00 2.72837E+06
 2.03772E+06 1.49231E+06 1.09217E+06 7.98812E+05 5.83799E+05 4.26377E+05
 3.11155E+05 2.26912E+05 1.65340E+05 1.20389E+05 8.75832E+04 6.36697E+04
 4.62446E+04 3.35627E+04 2.43366E+04 1.76331E+04 1.27642E+04 9.23264E+03
 6.67200E+03 4.81794E+03 3.47593E+03 2.50595E+03 1.80507E+03 1.29938E+03
 9.34527E+02 6.71982E+02 4.80636E+02 3.45316E+02 2.48012E+02 1.78124E+02
 1.27936E+02 9.19133E+01 6.61295E+01 4.75832E+01 3.42778E+01 2.47321E+01
 1.78746E+01 1.29458E+01 9.39412E+00 6.83520E+00 4.98321E+00 3.64083E+00
 2.66491E+00 1.95394E+00 1.43399E+00 1.05466E+00 7.74170E-01 5.69351E-01
 4.17542E-01 3.06169E-01 2.24066E-01 1.63603E-01 1.19099E-01 8.64083E-02
 6.24349E-02 4.49151E-02 3.21516E-02 2.28961E-02 1.62110E-02 1.14113E-02
 7.98265E-03 5.54656E-03 3.83465E-03 2.62853E-03 1.79024E-03 1.21292E-03
 8.17984E-04 5.50300E-04 3.69901E-04 2.49333E-04 1.68952E-04 1.15603E-04
 7.99705E-05 5.62821E-05 4.00921E-05 2.89123E-05 2.09878E-05 1.52497E-05
 1.09943E-05 7.79868E-06 5.38510E-06 3.57008E-06 2.24266E-06 1.30624E-06
 6.83624E-07 3.05622E-07 1.05940E-07 2.33128E-08 1.85620E-09 0.00000E+00
 2.12362E+06 1.63543E+06 1.24193E+06 9.43109E+05 7.16194E+05 5.43879E+05
 4.13027E+05 3.13660E+05 2.38202E+05 1.80900E+05 1.37385E+05 1.04341E+05
 7.92467E+04 6.01901E+04 4.57182E+04 3.47279E+04 2.63815E+04 2.00428E+04
 1.52288E+04 1.15726E+04 8.79563E+03 6.68641E+03 5.08426E+03 3.86721E+03
 2.94262E+03 2.24014E+03 1.70634E+03 1.29566E+03 9.88606E+02 7.55115E+02
 5.77515E+02 4.42376E+02 3.39501E+02 2.61348E+02 2.01611E+02 1.56053E+02
 1.21265E+02 9.46582E+01 7.42662E+01 5.85910E+01 4.65207E+01 3.71748E+01
 2.99088E+01 2.42297E+01 1.97646E+01 1.62310E+01 1.34244E+01 1.11565E+01
 9.33237E+00 7.83566E+00 6.61058E+00 5.59633E+00 4.75077E+00 4.04122E+00
 3.44228E+00 2.93406E+00 2.50089E+00 2.13035E+00 1.81247E+00 1.53919E+00
 1.30396E+00 1.10135E+00 9.26872E-01 7.77382E-01 6.48158E-01 5.37446E-01
 4.42881E-01 3.62415E-01 2.94260E-01 2.36844E-01 1.88781E-01 1.48837E-01
 1.15900E-01 8.89762E-02 6.74015E-02 5.00732E-02 3.64605E-02 2.59401E-02
 1.79634E-02 1.20500E-02 7.78199E-03 4.80359E-03 2.79365E-03 1.51445E-03
 7.46627E-04 3.23326E-04 1.16036E-04 3.09430E-05 4.79872E-06 1.97648E-07
 0.00000E+00 3.18890E+06 2.45280E+06 1.85968E+06 1.40955E+06 1.06843E+06
 8.09605E+05 6.13505E+05 4.64750E+05 3.52072E+05 2.66622E+05 2.01914E+05
 1.52856E+05 1.15718E+05 8.75710E+04 6.62703E+04 5.01322E+04 3.79240E+04
 2.86781E+04 2.16866E+04 1.63938E+04 1.23932E+04 9.36585E+03 7.07870E+03
 5.34878E+03 4.04238E+03 3.05457E+03 2.30898E+03 1.73879E+03 1.31550E+03
 9.95680E+02 7.54369E+02 5.72077E+02 4.34524E+02 3.30851E+02 2.52369E+02
 1.93037E+02 1.48196E+02 1.14223E+02 8.84691E+01 6.88703E+01 5.39490E+01
 4.25167E+01 3.37324E+01 2.69414E+01 2.16661E+01 1.75379E+01 1.42994E+01
 1.17130E+01 9.65896E+00 7.99442E+00 6.64968E+00 5.55072E+00 4.64684E+00
 3.89854E+00 3.27562E+00 2.75442E+00 2.31646E+00 1.94717E+00 1.63489E+00
 1.37033E+00 1.14587E+00 9.55422E-01 7.93707E-01 6.57192E-01 5.40880E-01
 4.42710E-01 3.60068E-01 2.90797E-01 2.32982E-01 1.85011E-01 1.45448E-01
 1.13078E-01 8.68067E-02 6.56661E-02 4.89963E-02 3.58330E-02 2.56663E-02
 1.79513E-02 1.22080E-02 8.03522E-03 5.08325E-03 3.07007E-03 1.74279E-03
 9.20331E-04 4.40423E-04 1.84501E-04 6.36696E-05 1.62427E-05 2.42060E-06
 1.01506E-07 0.00000E+00 4.63645E+06 3.55807E+06 2.69034E+06 2.03327E+06
 1.53663E+06 1.16073E+06 8.76740E+05 6.61893E+05 4.99658E+05 3.76984E+05
 2.84401E+05 2.14434E+05 1.61660E+05 1.21802E+05 9.17586E+04 6.90830E+04
 5.20029E+04 3.91211E+04 2.94255E+04 2.21187E+04 1.66238E+04 1.24862E+04
 9.37732E+03 7.03853E+03 5.28281E+03 3.96289E+03 2.97318E+03 2.22121E+03
 1.66683E+03 1.25089E+03 9.39409E+02 7.05881E+02 5.31083E+02 4.00402E+02
 3.02327E+02 2.28824E+02 1.73779E+02 1.32455E+02 1.01429E+02 7.80417E+01
 6.04118E+01 4.70369E+01 3.68641E+01 2.90789E+01 2.30941E+01 1.84587E+01
 1.48612E+01 1.20184E+01 9.78560E+00 7.99626E+00 6.56709E+00 5.41263E+00
 4.47427E+00 3.70679E+00 3.07568E+00 2.55423E+00 2.12157E+00 1.76143E+00
 1.46081E+00 1.20947E+00 9.99032E-01 8.22876E-01 6.75242E-01 5.52294E-01
 4.48946E-01 3.62914E-01 2.91476E-01 2.32430E-01 1.83832E-01 1.44083E-01
 1.11766E-01 8.57141E-02 6.48885E-02 4.83816E-02 3.55676E-02 2.56128E-02
 1.80512E-02 1.24134E-02 8.29192E-03 5.35534E-03 3.31916E-03 1.96130E-03
 1.08674E-03 5.58907E-04 2.59567E-04 1.05132E-04 3.48678E-05 8.50410E-06
 1.21611E-06 5.14022E-08 0.00000E+00 6.55306E+06 5.01470E+06 3.77912E+06
 2.84632E+06 2.14347E+06 1.61320E+06 1.21391E+06 9.12871E+05 6.86350E+05
 5.15692E+05 3.87378E+05 2.90786E+05 2.18220E+05 1.63642E+05 1.22678E+05
 9.18967E+04 6.88165E+04 5.14915E+04 3.85150E+04 2.87849E+04 2.15054E+04
 1.60535E+04 1.19799E+04 8.93290E+03 6.65903E+03 4.95995E+03 3.69416E+03
 2.73877E+03 2.03922E+03 1.51803E+03 1.13054E+03 8.42212E+02 6.28035E+02
 4.69184E+02 3.50930E+02 2.63045E+02 1.97788E+02 1.49225E+02 1.13085E+02
 8.60898E+01 6.59244E+01 5.07674E+01 3.93461E+01 3.06882E+01 2.40956E+01
 1.90385E+01 1.51519E+01 1.21109E+01 9.74639E+00 7.87101E+00 6.38866E+00
 5.20403E+00 4.25153E+00 3.48113E+00 2.85473E+00 2.34313E+00 1.92358E+00
 1.57850E+00 1.29388E+00 1.05883E+00 8.64439E-01 7.03744E-01 5.70723E-01
 4.61346E-01 3.70570E-01 2.95980E-01 2.34847E-01 1.84984E-01 1.44491E-01
 1.11818E-01 8.56185E-02 6.47967E-02 4.83916E-02 3.55770E-02 2.57790E-02
 1.82858E-02 1.26857E-02 8.58084E-03 5.63271E-03 3.57126E-03 2.16976E-03
 1.25510E-03 6.79309E-04 3.40515E-04 1.53643E-04 6.02442E-05 1.92427E-05
 4.50054E-06 6.19061E-07 2.58883E-08 0.00000E+00 9.03904E+06 6.89549E+06
 5.17744E+06 3.88488E+06 2.91428E+06 2.18467E+06 1.63725E+06 1.22611E+06
 9.17920E+05 6.86665E+05 5.13484E+05 3.83668E+05 2.86555E+05 2.13840E+05
 1.59505E+05 1.18869E+05 8.85427E+04 6.58913E+04 4.90095E+04 3.64174E+04
 2.70463E+04 2.00667E+04 1.48806E+04 1.10242E+04 8.16315E+03 6.03845E+03
 4.46564E+03 3.28629E+03 2.42853E+03 1.79390E+03 1.32537E+03 9.79291E+02
 7.24105E+02 5.36299E+02 3.97570E+02 2.95300E+02 2.19974E+02 1.64389E+02
 1.23368E+02 9.29905E+01 7.04932E+01 5.37327E+01 4.12133E+01 3.18083E+01
 2.47107E+01 1.93158E+01 1.52075E+01 1.20231E+01 9.57044E+00 7.64400E+00
 6.13616E+00 4.94328E+00 3.99388E+00 3.23401E+00 2.62270E+00 2.12884E+00
 1.72826E+00 1.40247E+00 1.13680E+00 9.19919E-01 7.42640E-01 5.97815E-01
 4.79340E-01 3.83093E-01 3.04184E-01 2.40143E-01 1.88309E-01 1.46566E-01
 1.13100E-01 8.64500E-02 6.53626E-02 4.88318E-02 3.59887E-02 2.60976E-02
 1.86456E-02 1.30325E-02 8.90331E-03 5.92615E-03 3.82456E-03 2.38156E-03
 1.41924E-03 8.04141E-04 4.25468E-04 2.08051E-04 9.13122E-05 3.47117E-05
 1.07019E-05 2.40734E-06 3.19098E-07 1.28586E-08 0.00000E+00 1.22054E+07
 9.28041E+06 6.94124E+06 5.18789E+06 3.87605E+06 2.89373E+06 2.15950E+06
 1.61028E+06 1.20021E+06 8.93804E+05 6.65296E+05 4.94763E+05 3.67744E+05
 2.73074E+05 2.02656E+05 1.50246E+05 1.11320E+05 8.23913E+04 6.09398E+04
 4.50238E+04 3.32416E+04 2.45150E+04 1.80668E+04 1.32998E+04 9.78390E+03
 7.18879E+03 5.27980E+03 3.85764E+03 2.83004E+03 2.07494E+03 1.52127E+03
 1.11523E+03 8.17965E+02 6.00832E+02 4.41637E+02 3.25195E+02 2.40098E+02
 1.77810E+02 1.32212E+02 9.87242E+01 7.41274E+01 5.59578E+01 4.24993E+01
 3.24761E+01 2.49766E+01 1.93259E+01 1.50606E+01 1.17839E+01 9.28314E+00
 7.33706E+00 5.82808E+00 4.64576E+00 3.71388E+00 2.97548E+00 2.38743E+00
 1.91727E+00 1.53990E+00 1.23626E+00 9.91325E-01 7.93576E-01 6.33727E-01
 5.04611E-01 4.00179E-01 3.16319E-01 2.48366E-01 1.93870E-01 1.50292E-01
 1.15625E-01 8.81755E-02 6.65914E-02 4.97324E-02 3.66900E-02 2.66934E-02
 1.91000E-02 1.34601E-02 9.27418E-03 6.24181E-03 4.09014E-03 2.59653E-03
 1.58889E-03 9.29359E-04 5.16170E-04 2.67224E-04 1.27610E-04 5.45564E-05
 2.01425E-05 6.00970E-06 1.30433E-06 1.66851E-07 6.23477E-09 0.00000E+00
 1.61721E+07 1.22551E+07 9.12984E+06 6.79620E+06 5.05673E+06 3.75939E+06
 2.79349E+06 2.07395E+06 1.53890E+06 1.14083E+06 8.45221E+05 6.25596E+05
 4.62734E+05 3.41914E+05 2.52460E+05 1.86205E+05 1.37232E+05 1.01023E+05
 7.43068E+04 5.45899E+04 4.00707E+04 2.93764E+04 2.15179E+04 1.57419E+04
 1.15065E+04 8.39909E+03 6.12735E+03 4.44572E+03 3.23846E+03 2.35728E+03
 1.71545E+03 1.24806E+03 9.08266E+02 6.61875E+02 4.82540E+02 3.52362E+02
 2.57945E+02 1.89375E+02 1.39568E+02 1.03283E+02 7.68438E+01 5.74727E+01
 4.32406E+01 3.27295E+01 2.49299E+01 1.91028E+01 1.47416E+01 1.14201E+01
 8.90740E+00 6.96951E+00 5.48044E+00 4.32453E+00 3.42200E+00 2.71372E+00
 2.15513E+00 1.71297E+00 1.36164E+00 1.08186E+00 8.58526E-01 6.80115E-01
 5.37441E-01 4.23444E-01 3.32246E-01 2.59826E-01 2.01803E-01 1.55802E-01
 1.19444E-01 9.08609E-02 6.84998E-02 5.11306E-02 3.77326E-02 2.74992E-02
 1.97578E-02 1.39552E-02 9.70475E-03 6.59466E-03 4.37485E-03 2.82387E-03
 1.76450E-03 1.06182E-03 6.10104E-04 3.32477E-04 1.68617E-04 7.87455E-05
 3.28528E-05 1.18070E-05 3.41964E-06 7.18696E-07 8.88375E-08 2.90636E-09
 0.00000E+00 2.10655E+07 1.59091E+07 1.18044E+07 8.75139E+06 6.48440E+06
 4.80046E+06 3.55168E+06 2.62532E+06 1.93930E+06 1.43113E+06 1.05537E+06
 7.77452E+05 5.72278E+05 4.20781E+05 3.09131E+05 2.26837E+05 1.66302E+05
 1.21770E+05 8.90778E+04 6.50773E+04 4.74962E+04 3.46177E+04 2.52058E+04
 1.83275E+04 1.33126E+04 9.65526E+03 6.99764E+03 5.04269E+03 3.64809E+03
 2.63682E+03 1.90507E+03 1.37584E+03 9.93691E+02 7.18568E+02 5.19740E+02
 3.76478E+02 2.73334E+02 1.98997E+02 1.45410E+02 1.06676E+02 7.86705E+01
 5.83150E+01 4.34776E+01 3.26082E+01 2.46078E+01 1.86798E+01 1.42796E+01
 1.09566E+01 8.46420E+00 6.55866E+00 5.10731E+00 3.99080E+00 3.12696E+00
 2.45535E+00 1.93067E+00 1.51935E+00 1.19570E+00 9.40522E-01 7.38870E-01
 5.79426E-01 4.53236E-01 3.53463E-01 2.74486E-01 2.12441E-01 1.63272E-01
 1.24719E-01 9.45905E-02 7.11728E-02 5.30647E-02 3.91642E-02 2.85706E-02
 2.05782E-02 1.46078E-02 1.01899E-02 6.99647E-03 4.69159E-03 3.06978E-03
 1.95321E-03 1.20225E-03 7.12117E-04 4.02372E-04 2.15409E-04 1.07179E-04
 4.90369E-05 2.00092E-05 7.01952E-06 1.98075E-06 4.04766E-07 4.84109E-08
 1.26643E-09 0.00000E+00 2.70156E+07 2.03334E+07 1.50264E+07 1.10946E+07
 8.18635E+06 6.03485E+06 4.44572E+06 3.27182E+06 2.40608E+06 1.76757E+06
 1.29745E+06 9.51301E+05 6.96890E+05 5.09911E+05 3.72747E+05 2.72135E+05
 1.98480E+05 1.44566E+05 1.05184E+05 7.64231E+04 5.54638E+04 4.01938E+04
 2.90945E+04 2.10287E+04 1.51811E+04 1.09414E+04 7.87902E+03 5.64016E+03
 4.05298E+03 2.90944E+03 2.08728E+03 1.49665E+03 1.07301E+03 7.70133E+02
 5.52768E+02 3.97277E+02 2.86136E+02 2.06629E+02 1.49740E+02 1.08931E+02
 7.96490E+01 5.85307E+01 4.32562E+01 3.21549E+01 2.40483E+01 1.80897E+01
 1.37026E+01 1.04167E+01 7.97264E+00 6.11989E+00 4.72085E+00 3.65401E+00
 2.83590E+00 2.20560E+00 1.71770E+00 1.33877E+00 1.04344E+00 8.12816E-01
 6.32345E-01 4.91055E-01 3.80349E-01 2.93700E-01 2.25811E-01 1.73028E-01
 1.31636E-01 9.95273E-02 7.47050E-02 5.56225E-02 4.10308E-02 2.99560E-02
 2.16132E-02 1.53926E-02 1.08016E-02 7.44595E-03 5.05093E-03 3.34467E-03
 2.16022E-03 1.35607E-03 8.23056E-04 4.80394E-04 2.67279E-04 1.40778E-04
 6.88450E-05 3.09248E-05 1.23744E-05 4.25123E-06 1.17348E-06 2.34195E-07
 2.71440E-08 4.82942E-10 0.00000E+00 3.41520E+07 2.56176E+07 1.88553E+07
 1.38649E+07 1.01880E+07 7.47891E+06 5.48591E+06 4.01983E+06 2.94307E+06
 2.15236E+06 1.57265E+06 1.14773E+06 8.36799E+05 6.09336E+05 4.43237E+05
 3.21984E+05 2.33638E+05 1.69292E+05 1.22521E+05 8.85396E+04 6.39028E+04
 4.60494E+04 3.31414E+04 2.38133E+04 1.70882E+04 1.22402E+04 8.75912E+03
 6.22948E+03 4.44713E+03 3.17106E+03 2.25939E+03 1.60874E+03 1.14511E+03
 8.15905E+02 5.81248E+02 4.14571E+02 2.96273E+02 2.12262E+02 1.52585E+02
 1.10095E+02 7.98333E+01 5.81737E+01 4.26262E+01 3.14140E+01 2.32896E+01
 1.73649E+01 1.30373E+01 9.82198E+00 7.44995E+00 5.66670E+00 4.33144E+00
 3.32193E+00 2.55448E+00 1.96841E+00 1.51879E+00 1.17276E+00 9.05531E-01
 6.98803E-01 5.38552E-01 4.14286E-01 3.17857E-01 2.43118E-01 1.85134E-01
 1.40501E-01 1.05854E-01 7.92507E-02 5.88979E-02 4.34149E-02 3.17018E-02
 2.29075E-02 1.63555E-02 1.15245E-02 7.99983E-03 5.45335E-03 3.65754E-03
 2.39375E-03 1.52752E-03 9.47029E-04 5.67439E-04 3.26794E-04 1.79306E-04
 9.30801E-05 4.48310E-05 1.98191E-05 7.79951E-06 2.63304E-06 7.13893E-07
 1.39746E-07 1.57256E-08 1.26782E-10 0.00000E+00 4.26000E+07 3.18474E+07
 2.33469E+07 1.70983E+07 1.25122E+07 9.14673E+06 6.68078E+06 4.87431E+06
 3.55303E+06 2.58689E+06 1.88159E+06 1.36689E+06 9.91921E+05 7.18861E+05
 5.20371E+05 3.76156E+05 2.71575E+05 1.95776E+05 1.40950E+05 1.01316E+05
 7.27280E+04 5.21198E+04 3.72985E+04 2.66462E+04 1.90086E+04 1.35338E+04
 9.62534E+03 6.80203E+03 4.82475E+03 3.41783E+03 2.41891E+03 1.71057E+03
 1.20908E+03 8.55358E+02 6.04913E+02 4.28249E+02 3.03730E+02 2.15929E+02
 1.54005E+02 1.10236E+02 7.92894E+01 5.73047E+01 4.16411E+01 3.04308E+01
 2.23696E+01 1.65361E+01 1.23084E+01 9.19197E+00 6.91131E+00 5.21064E+00
 3.94767E+00 3.00078E+00 2.28700E+00 1.74658E+00 1.33558E+00 1.02205E+00
 7.82081E-01 5.98107E-01 4.56792E-01 3.48217E-01 2.64746E-01 2.00655E-01
 1.51402E-01 1.13851E-01 8.49820E-02 6.30318E-02 4.64050E-02 3.38824E-02
 2.45047E-02 1.75357E-02 1.23977E-02 8.64900E-03 5.94326E-03 4.00968E-03
 2.66127E-03 1.72307E-03 1.08751E-03 6.66670E-04 3.94857E-04 2.24707E-04
 1.21790E-04 6.24277E-05 2.96772E-05 1.29440E-05 5.02411E-06 1.67209E-06
 4.46923E-07 8.61307E-08 9.43083E-09 0.00000E+00 0.00000E+00 5.24771E+07
 3.91015E+07 2.85511E+07 2.08258E+07 1.51777E+07 1.10495E+07 8.03662E+06
 5.83859E+06 4.23748E+06 3.07169E+06 2.22422E+06 1.60847E+06 1.16184E+06
 8.38059E+05 6.03758E+05 4.34318E+05 3.12014E+05 2.23799E+05 1.60298E+05
 1.14623E+05 8.18417E+04 5.83331E+04 4.15137E+04 2.94902E+04 2.09158E+04
 1.48038E+04 1.04653E+04 7.34954E+03 5.18037E+03 3.64626E+03 2.56367E+03
 1.80084E+03 1.26417E+03 8.88119E+02 6.23607E+02 4.38282E+02 3.08546E+02
 2.17704E+02 1.54082E+02 1.09434E+02 7.80926E+01 5.59892E+01 4.03562E+01
 2.92509E+01 2.13248E+01 1.56325E+01 1.15385E+01 8.54399E+00 6.36975E+00
 4.76129E+00 3.57639E+00 2.69525E+00 2.03649E+00 1.54189E+00 1.16890E+00
 8.86786E-01 6.72721E-01 5.10032E-01 3.86164E-01 2.91832E-01 2.19959E-01
 1.65266E-01 1.23616E-01 9.21501E-02 6.81821E-02 5.01267E-02 3.65783E-02
 2.64703E-02 1.89730E-02 1.34550E-02 9.42624E-03 6.51563E-03 4.43578E-03
 2.96443E-03 1.94888E-03 1.24960E-03 7.80941E-04 4.73948E-04 2.77859E-04
 1.56486E-04 8.39202E-05 4.25533E-05 2.00076E-05 8.62904E-06 3.31162E-06
 1.08946E-06 2.87861E-07 5.47642E-08 5.84858E-09 0.00000E+00 0.00000E+00
 6.38880E+07 4.74484E+07 3.45099E+07 2.50725E+07 1.81989E+07 1.31948E+07
 9.55716E+06 6.91409E+06 4.99658E+06 3.60626E+06 2.59980E+06 1.87167E+06
 1.34580E+06 9.66274E+05 6.92852E+05 4.96029E+05 3.54613E+05 2.53096E+05
 1.80368E+05 1.28313E+05 9.11371E+04 6.46125E+04 4.57325E+04 3.23070E+04
 2.27838E+04 1.60325E+04 1.12671E+04 7.86431E+03 5.50912E+03 3.85334E+03
 2.69188E+03 1.87853E+03 1.30989E+03 9.13976E+02 6.37290E+02 4.44722E+02
 3.10815E+02 2.17693E+02 1.52922E+02 1.07786E+02 7.63246E+01 5.42953E+01
 3.88266E+01 2.79182E+01 2.01896E+01 1.46803E+01 1.07477E+01 7.89297E+00
 5.83613E+00 4.32630E+00 3.22279E+00 2.40867E+00 1.80488E+00 1.35522E+00
 1.01889E+00 7.66588E-01 5.76737E-01 4.33656E-01 3.25634E-01 2.44066E-01
 1.82447E-01 1.35958E-01 1.00860E-01 7.45723E-02 5.47229E-02 3.99007E-02
 2.88766E-02 2.07244E-02 1.47317E-02 1.03604E-02 7.19776E-03 4.93352E-03
 3.33039E-03 2.20673E-03 1.43841E-03 9.14324E-04 5.66435E-04 3.40743E-04
 1.97995E-04 1.10507E-04 5.87273E-05 2.95063E-05 1.37449E-05 5.87249E-06
 2.23251E-06 7.27326E-07 1.90293E-07 3.57926E-08 3.73717E-09 0.00000E+00
 0.00000E+00 7.69214E+07 5.69443E+07 4.12559E+07 2.98561E+07 2.15847E+07
 1.55866E+07 1.12433E+07 8.10020E+06 5.82905E+06 4.18913E+06 3.00687E+06
 2.15521E+06 1.54272E+06 1.10263E+06 7.86962E+05 5.60758E+05 3.98969E+05
 2.83369E+05 2.00941E+05 1.42228E+05 1.00501E+05 7.08784E+04 4.98995E+04
 3.50590E+04 2.45871E+04 1.72030E+04 1.20198E+04 8.33948E+03 5.80677E+03
 4.03657E+03 2.80216E+03 1.94297E+03 1.34593E+03 9.32875E+02 6.46032E+02
 4.47693E+02 3.10679E+02 2.16033E+02 1.50647E+02 1.05395E+02 7.40711E+01
 5.22917E+01 3.71062E+01 2.64742E+01 1.89957E+01 1.37034E+01 9.95340E+00
 7.25133E+00 5.31914E+00 3.91152E+00 2.89057E+00 2.14316E+00 1.59315E+00
 1.18674E+00 8.85158E-01 6.60716E-01 4.93176E-01 3.67919E-01 2.74117E-01
 2.03856E-01 1.51210E-01 1.11812E-01 8.23091E-02 6.03916E-02 4.39776E-02
 3.18210E-02 2.28539E-02 1.62773E-02 1.14827E-02 8.01421E-03 5.52559E-03
 3.75862E-03 2.51801E-03 1.65572E-03 1.07106E-03 6.75611E-04 4.15343E-04
 2.47929E-04 1.42952E-04 7.91654E-05 4.17430E-05 2.08072E-05 9.61524E-06
 4.07456E-06 1.53612E-06 4.96054E-07 1.28595E-07 2.39267E-08 2.44787E-09
 0.00000E+00 0.00000E+00 1.04721E+05 1.03780E+05 8.02619E+04 6.20793E+04
 4.80213E+04 3.71518E+04 2.87471E+04 2.22479E+04 1.72216E+04 1.33342E+04
 1.03273E+04 8.00108E+03 6.20126E+03 4.80848E+03 3.73047E+03 2.89590E+03
 2.24963E+03 1.74903E+03 1.36112E+03 1.06041E+03 8.27199E+02 6.46235E+02
 5.05726E+02 3.96553E+02 3.11659E+02 2.45584E+02 1.94102E+02 1.53442E+02
 1.22195E+02 9.77484E+01 7.85891E+01 6.35452E+01 5.17076E+01 4.23955E+01
 3.50111E+01 2.91556E+01 2.44961E+01 2.07731E+01 1.77841E+01 1.53700E+01
 1.34101E+01 1.18042E+01 1.04773E+01 9.37003E+00 8.43593E+00 7.63869E+00
 6.95236E+00 6.34832E+00 5.81682E+00 5.33803E+00 4.90652E+00 4.51250E+00
 4.14988E+00 3.81395E+00 3.50113E+00 3.20867E+00 2.93451E+00 2.67708E+00
 2.43521E+00 2.20801E+00 1.99478E+00 1.79500E+00 1.60820E+00 1.43480E+00
 1.27264E+00 1.12250E+00 9.84076E-01 8.57033E-01 7.41032E-01 6.35708E-01
 5.40670E-01 4.55498E-01 3.79696E-01 3.12732E-01 2.54659E-01 2.04084E-01
 1.60869E-01 1.24418E-01 9.41326E-02 6.94071E-02 4.96323E-02 3.42245E-02
 2.25014E-02 1.39849E-02 8.05762E-03 4.18688E-03 1.87348E-03 6.61989E-04
 1.52053E-04 1.21839E-05 0.00000E+00 1.74770E+05 1.36072E+05 1.04638E+05
 8.04686E+04 6.18931E+04 4.76082E+04 3.66283E+04 2.81834E+04 2.16913E+04
 1.66973E+04 1.28573E+04 9.90281E+03 7.63050E+03 5.88161E+03 4.53612E+03
 3.50015E+03 2.70279E+03 2.08853E+03 1.61546E+03 1.25078E+03 9.69699E+02
 7.52811E+02 5.85462E+02 4.56168E+02 3.56258E+02 2.78942E+02 2.19090E+02
 1.72090E+02 1.36198E+02 1.08272E+02 8.65247E+01 6.95409E+01 5.62572E+01
 4.58608E+01 3.76632E+01 3.11926E+01 2.60697E+01 2.19919E+01 1.87320E+01
 1.61068E+01 1.39828E+01 1.22461E+01 1.08150E+01 9.62263E+00 8.61901E+00
 7.76391E+00 7.02959E+00 6.38486E+00 5.81949E+00 5.31192E+00 4.85652E+00
 4.44262E+00 4.06381E+00 3.71489E+00 3.39202E+00 3.09210E+00 2.81284E+00
 2.55243E+00 2.30947E+00 2.08286E+00 1.87169E+00 1.67527E+00 1.49288E+00
 1.32477E+00 1.16866E+00 1.02514E+00 8.93746E-01 7.74003E-01 6.65432E-01
 5.67552E-01 4.79850E-01 4.01815E-01 3.32882E-01 2.72420E-01 2.20380E-01
 1.75400E-01 1.37270E-01 1.05379E-01 7.91031E-02 5.78434E-02 4.09938E-02
 2.79990E-02 1.82153E-02 1.11912E-02 6.36458E-03 3.25857E-03 1.43282E-03
 4.95799E-04 1.11465E-04 9.02634E-06 0.00000E+00 2.28695E+05 1.77265E+05
 1.35616E+05 1.03750E+05 7.93844E+04 6.07399E+04 4.64837E+04 3.55741E+04
 2.72317E+04 2.08471E+04 1.59643E+04 1.22270E+04 9.36832E+03 7.17978E+03
 5.50545E+03 4.22322E+03 3.24193E+03 2.49012E+03 1.91448E+03 1.47320E+03
 1.13510E+03 8.75704E+02 6.76759E+02 5.23944E+02 4.06580E+02 3.16294E+02
 2.46842E+02 1.92627E+02 1.51481E+02 1.19657E+02 9.50260E+01 7.59013E+01
 6.10329E+01 4.94597E+01 4.03862E+01 3.32598E+01 2.76466E+01 2.31977E+01
 1.96568E+01 1.68153E+01 1.45245E+01 1.26566E+01 1.11217E+01 9.84579E+00
 8.77459E+00 7.86398E+00 7.08414E+00 6.40135E+00 5.80469E+00 5.27097E+00
 4.79422E+00 4.36292E+00 3.97027E+00 3.61059E+00 3.27973E+00 2.97426E+00
 2.69165E+00 2.42981E+00 2.18714E+00 1.96229E+00 1.75417E+00 1.56190E+00
 1.38454E+00 1.22218E+00 1.07240E+00 9.35642E-01 8.11266E-01 6.98691E-01
 5.97308E-01 5.06533E-01 4.25750E-01 3.54375E-01 2.91780E-01 2.37261E-01
 1.90681E-01 1.50724E-01 1.17111E-01 8.92244E-02 6.64417E-02 4.81742E-02
 3.38290E-02 2.28791E-02 1.47229E-02 8.93749E-03 5.01399E-03 2.52721E-03
 1.09065E-03 3.68933E-04 8.10011E-05 6.63763E-06 0.00000E+00 2.97018E+05
 2.29286E+05 1.74588E+05 1.32925E+05 1.01216E+05 7.70636E+04 5.86831E+04
 4.46835E+04 3.40302E+04 2.59163E+04 1.97420E+04 1.50394E+04 1.14609E+04
 8.73514E+03 6.66076E+03 5.08048E+03 3.87760E+03 2.96097E+03 2.26302E+03
 1.73092E+03 1.32557E+03 1.01632E+03 7.80525E+02 6.00454E+02 4.62982E+02
 3.57852E+02 2.77480E+02 2.15117E+02 1.68077E+02 1.31913E+02 1.04095E+02
 8.26229E+01 6.60292E+01 5.31867E+01 4.31751E+01 3.53533E+01 2.92242E+01
 2.43890E+01 2.05578E+01 1.74953E+01 1.50357E+01 1.30363E+01 1.13985E+01
 1.00407E+01 8.90391E+00 7.94012E+00 7.11713E+00 6.39880E+00 5.77329E+00
 5.21590E+00 4.72016E+00 4.27376E+00 3.86943E+00 3.50104E+00 3.16409E+00
 2.85484E+00 2.57045E+00 2.30860E+00 2.06745E+00 1.84544E+00 1.64128E+00
 1.45388E+00 1.28213E+00 1.12591E+00 9.82728E-01 8.52848E-01 7.35497E-01
 6.29979E-01 5.35575E-01 4.51612E-01 3.77389E-01 3.12258E-01 2.55541E-01
 2.06482E-01 1.64870E-01 1.29438E-01 9.98588E-02 7.55141E-02 5.57897E-02
 4.01132E-02 2.79142E-02 1.86961E-02 1.19025E-02 7.14018E-03 3.95222E-03
 1.96155E-03 8.31159E-04 2.75041E-04 5.90429E-05 4.89432E-06 0.00000E+00
 3.82931E+05 2.94483E+05 2.23240E+05 1.69204E+05 1.28253E+05 9.71964E+04
 7.36653E+04 5.58228E+04 4.23066E+04 3.20598E+04 2.42988E+04 1.84159E+04
 1.39608E+04 1.05841E+04 8.02711E+03 6.08903E+03 4.62140E+03 3.50888E+03
 2.66627E+03 2.02736E+03 1.54330E+03 1.17606E+03 8.97641E+02 6.86233E+02
 5.25775E+02 4.03787E+02 3.11091E+02 2.39594E+02 1.85993E+02 1.45032E+02
 1.13716E+02 8.96884E+01 7.12300E+01 5.70274E+01 4.60182E+01 3.74638E+01
 3.07956E+01 2.55605E+01 2.14314E+01 1.81446E+01 1.55148E+01 1.33847E+01
 1.16453E+01 1.02076E+01 9.00748E+00 7.99298E+00 7.12934E+00 6.37800E+00
 5.72609E+00 5.14747E+00 4.63503E+00 4.17575E+00 3.76181E+00 3.38664E+00
 3.04538E+00 2.73396E+00 2.44927E+00 2.18871E+00 1.95021E+00 1.73200E+00
 1.53258E+00 1.35069E+00 1.18502E+00 1.03528E+00 8.98905E-01 7.75985E-01
 6.65630E-01 5.67042E-01 4.79408E-01 4.01974E-01 3.33973E-01 2.74704E-01
 2.23448E-01 1.79415E-01 1.42333E-01 1.10989E-01 8.50209E-02 6.38166E-02
 4.67778E-02 3.33534E-02 2.30015E-02 1.52570E-02 9.60956E-03 5.69700E-03
 3.11155E-03 1.52085E-03 6.32861E-04 2.04972E-04 4.30640E-05 3.61041E-06
 0.00000E+00 4.90146E+05 3.75573E+05 2.83515E+05 2.13970E+05 1.61479E+05
 1.21835E+05 9.19221E+04 6.93380E+04 5.23037E+04 3.94469E+04 2.97527E+04
 2.24380E+04 1.69243E+04 1.27650E+04 9.63052E+03 7.26640E+03 5.48505E+03
 4.14157E+03 3.12928E+03 2.36574E+03 1.79035E+03 1.35620E+03 1.02886E+03
 7.81707E+02 5.95186E+02 4.54203E+02 3.47704E+02 2.66051E+02 2.05201E+02
 1.58981E+02 1.23855E+02 9.70676E+01 7.66095E+01 6.09605E+01 4.88987E+01
 3.95783E+01 3.23507E+01 2.67050E+01 2.22725E+01 1.87594E+01 1.59596E+01
 1.37001E+01 1.18613E+01 1.03462E+01 9.08539E+00 8.02289E+00 7.12127E+00
 6.33957E+00 5.66378E+00 5.06634E+00 4.53950E+00 4.06949E+00 3.64795E+00
 3.26787E+00 2.92399E+00 2.61194E+00 2.32829E+00 2.07022E+00 1.83540E+00
 1.62185E+00 1.42787E+00 1.25204E+00 1.09286E+00 9.49872E-01 8.20451E-01
 7.04530E-01 6.01111E-01 5.09304E-01 4.28219E-01 3.57033E-01 2.94926E-01
 2.41155E-01 1.94972E-01 1.55566E-01 1.22616E-01 9.49669E-02 7.22329E-02
 5.38152E-02 3.91370E-02 2.76724E-02 1.89121E-02 1.24232E-02 7.74125E-03
 4.53545E-03 2.44430E-03 1.17660E-03 4.80884E-04 1.52496E-04 3.13815E-05
 2.66055E-06 0.00000E+00 6.22909E+05 4.75650E+05 3.57606E+05 2.68776E+05
 2.01989E+05 1.51749E+05 1.13993E+05 8.56059E+04 6.42834E+04 4.82589E+04
 3.62283E+04 2.71911E+04 2.04093E+04 1.53170E+04 1.14972E+04 8.62999E+03
 6.47992E+03 4.86641E+03 3.65672E+03 2.74899E+03 2.06848E+03 1.55775E+03
 1.17474E+03 8.87154E+02 6.71323E+02 5.09113E+02 3.87289E+02 2.94434E+02
 2.25643E+02 1.73703E+02 1.34464E+02 1.04718E+02 8.21331E+01 6.49586E+01
 5.17955E+01 4.16805E+01 3.38779E+01 2.78137E+01 2.30747E+01 1.93354E+01
 1.63672E+01 1.39808E+01 1.20454E+01 1.04561E+01 9.13757E+00 8.03009E+00
 7.09337E+00 6.28406E+00 5.58699E+00 4.97321E+00 4.43427E+00 3.95567E+00
 3.52848E+00 3.14528E+00 2.80041E+00 2.48917E+00 2.20785E+00 1.95336E+00
 1.72315E+00 1.51503E+00 1.32712E+00 1.15781E+00 1.00545E+00 8.69421E-01
 7.47050E-01 6.38119E-01 5.41541E-01 4.56342E-01 3.81569E-01 3.16345E-01
 2.59808E-01 2.11182E-01 1.69703E-01 1.34550E-01 1.05364E-01 8.10504E-02
 6.12100E-02 4.52628E-02 3.26577E-02 2.28975E-02 1.55074E-02 1.00877E-02
 6.21872E-03 3.60045E-03 1.91462E-03 9.07637E-04 3.64374E-04 1.13168E-04
 2.28260E-05 1.95678E-06 0.00000E+00 7.86004E+05 5.98177E+05 4.47955E+05
 3.35338E+05 2.50985E+05 1.87777E+05 1.40462E+05 1.05029E+05 7.85229E+04
 5.86856E+04 4.38548E+04 3.27623E+04 2.44744E+04 1.82791E+04 1.36528E+04
 1.01964E+04 7.61669E+03 5.69010E+03 4.25272E+03 3.17955E+03 2.37907E+03
 1.78145E+03 1.33562E+03 1.00268E+03 7.54168E+02 5.68439E+02 4.29741E+02
 3.24636E+02 2.47222E+02 1.89116E+02 1.45473E+02 1.12585E+02 8.77585E+01
 6.89893E+01 5.46841E+01 4.37525E+01 3.53637E+01 2.88770E+01 2.38315E+01
 1.98680E+01 1.67345E+01 1.42248E+01 1.21965E+01 1.05366E+01 9.16394E+00
 8.01481E+00 7.04608E+00 6.21209E+00 5.49642E+00 4.86883E+00 4.32008E+00
 3.83501E+00 3.40411E+00 3.01953E+00 2.67520E+00 2.36614E+00 2.08833E+00
 1.83844E+00 1.61368E+00 1.41168E+00 1.23037E+00 1.06797E+00 9.22688E-01
 7.93762E-01 6.78479E-01 5.76485E-01 4.86614E-01 4.07825E-01 3.39111E-01
 2.79553E-01 2.28261E-01 1.84437E-01 1.47307E-01 1.16053E-01 9.02861E-02
 6.89777E-02 5.17205E-02 3.79586E-02 2.71705E-02 1.88894E-02 1.26767E-02
 8.16570E-03 4.97971E-03 2.84891E-03 1.49476E-03 6.97816E-04 2.75180E-04
 8.37252E-05 1.65622E-05 1.43552E-06 0.00000E+00 9.84742E+05 7.46976E+05
 5.57235E+05 4.15519E+05 3.09760E+05 2.30814E+05 1.71943E+05 1.28030E+05
 9.53095E+04 7.09214E+04 5.27628E+04 3.92388E+04 2.91770E+04 2.16887E+04
 1.61215E+04 1.19810E+04 8.90482E+03 6.61836E+03 4.92058E+03 3.65924E+03
 2.72303E+03 2.02765E+03 1.51156E+03 1.12818E+03 8.43560E+02 6.31998E+02
 4.74887E+02 3.56506E+02 2.69810E+02 2.05115E+02 1.56800E+02 1.20605E+02
 9.34372E+01 7.30162E+01 5.75378E+01 4.57747E+01 3.67943E+01 2.98852E+01
 2.45359E+01 2.03525E+01 1.70584E+01 1.44303E+01 1.23136E+01 1.05874E+01
 9.16458E+00 7.97741E+00 6.97999E+00 6.12437E+00 5.39288E+00 4.75402E+00
 4.19778E+00 3.70833E+00 3.27559E+00 2.89130E+00 2.54900E+00 2.24340E+00
 1.97020E+00 1.72582E+00 1.50727E+00 1.31198E+00 1.13771E+00 9.82533E-01
 8.44522E-01 7.22777E-01 6.14568E-01 5.19413E-01 4.36081E-01 3.63476E-01
 3.00551E-01 2.46355E-01 1.99982E-01 1.60622E-01 1.27499E-01 9.98066E-02
 7.71376E-02 5.85271E-02 4.35690E-02 3.17344E-02 2.25338E-02 1.55327E-02
 1.03287E-02 6.58771E-03 3.97390E-03 2.24635E-03 1.16281E-03 5.34557E-04
 2.07072E-04 6.17333E-05 1.19835E-05 1.05008E-06 0.00000E+00 1.22492E+06
 9.26198E+05 6.88327E+05 5.11309E+05 3.79685E+05 2.81798E+05 2.09076E+05
 1.55042E+05 1.14935E+05 8.51607E+04 6.30811E+04 4.67049E+04 3.45717E+04
 2.55806E+04 1.89249E+04 1.39970E+04 1.03522E+04 7.65566E+03 5.66269E+03
 4.18914E+03 3.10073E+03 2.29633E+03 1.70234E+03 1.26338E+03 9.39188E+02
 6.99506E+02 5.22482E+02 3.89840E+02 2.93246E+02 2.21574E+02 1.68350E+02
 1.28705E+02 9.91158E+01 7.70002E+01 6.03285E+01 4.77270E+01 3.81556E+01
 3.08284E+01 2.51815E+01 2.07847E+01 1.73363E+01 1.45957E+01 1.23960E+01
 1.06083E+01 9.13971E+00 7.91841E+00 6.89580E+00 6.02172E+00 5.27725E+00
 4.62968E+00 4.06825E+00 3.57648E+00 3.14373E+00 2.76133E+00 2.42245E+00
 2.12151E+00 1.85392E+00 1.61589E+00 1.40420E+00 1.21612E+00 1.04925E+00
 9.01534E-01 7.70916E-01 6.56371E-01 5.55170E-01 4.66713E-01 3.89718E-01
 3.23047E-01 2.65625E-01 2.16482E-01 1.74702E-01 1.39474E-01 1.10028E-01
 8.55772E-02 6.57032E-02 4.95061E-02 3.65866E-02 2.64458E-02 1.86274E-02
 1.27299E-02 8.38697E-03 5.29619E-03 3.15998E-03 1.76479E-03 9.01222E-04
 4.07951E-04 1.55239E-04 4.53570E-05 8.64450E-06 7.65778E-07 0.00000E+00
 1.51278E+06 1.14027E+06 8.44277E+05 6.24798E+05 4.62182E+05 3.41694E+05
 2.52511E+05 1.86498E+05 1.37686E+05 1.01593E+05 7.49326E+04 5.52394E+04
 4.07083E+04 2.99856E+04 2.20818E+04 1.62553E+04 1.19649E+04 8.80501E+03
 6.48028E+03 4.76955E+03 3.51193E+03 2.58703E+03 1.90742E+03 1.40774E+03
 1.04060E+03 7.70580E+02 5.72214E+02 4.24396E+02 3.17341E+02 2.38351E+02
 1.80016E+02 1.36809E+02 1.04738E+02 8.09012E+01 6.30277E+01 4.95897E+01
 3.94340E+01 3.16977E+01 2.57621E+01 2.11607E+01 1.75659E+01 1.47198E+01
 1.24433E+01 1.05996E+01 9.08982E+00 7.83853E+00 6.79437E+00 5.90508E+00
 5.15050E+00 4.49681E+00 3.93246E+00 3.44037E+00 3.00936E+00 2.63037E+00
 2.29622E+00 2.00103E+00 1.73996E+00 1.50900E+00 1.30475E+00 1.12430E+00
 9.65109E-01 8.25005E-01 7.01834E-01 5.94453E-01 5.00143E-01 4.18203E-01
 3.47314E-01 2.86307E-01 2.34090E-01 1.89684E-01 1.52174E-01 1.20753E-01
 9.46669E-02 7.31537E-02 5.57911E-02 4.17442E-02 3.06253E-02 2.19670E-02
 1.53472E-02 1.03977E-02 6.78681E-03 4.24287E-03 2.50371E-03 1.38137E-03
 6.95859E-04 3.10145E-04 1.15939E-04 3.32055E-05 6.21674E-06 5.56701E-07
 0.00000E+00 1.85492E+06 1.39385E+06 1.02826E+06 7.58132E+05 5.58700E+05
 4.11471E+05 3.02891E+05 2.22823E+05 1.63841E+05 1.20397E+05 8.84309E+04
 6.49134E+04 4.76301E+04 3.49295E+04 2.56066E+04 1.87636E+04 1.37463E+04
 1.00677E+04 7.37335E+03 5.39982E+03 3.95576E+03 2.89883E+03 2.12596E+03
 1.56055E+03 1.14719E+03 8.44742E+02 6.23714E+02 4.59892E+02 3.41885E+02
 2.55290E+02 1.91685E+02 1.44835E+02 1.10247E+02 8.46789E+01 6.56078E+01
 5.13440E+01 4.06170E+01 3.24846E+01 2.62727E+01 2.14774E+01 1.77456E+01
 1.48019E+01 1.24555E+01 1.05615E+01 9.01562E+00 7.73867E+00 6.67672E+00
 5.77551E+00 5.01371E+00 4.35644E+00 3.79140E+00 3.30091E+00 2.87332E+00
 2.49917E+00 2.17096E+00 1.88252E+00 1.62877E+00 1.40552E+00 1.20917E+00
 1.03667E+00 8.85365E-01 7.52961E-01 6.37227E-01 5.36917E-01 4.49339E-01
 3.73703E-01 3.08663E-01 2.53032E-01 2.05713E-01 1.65724E-01 1.32164E-01
 1.04237E-01 8.12067E-02 6.23438E-02 4.72283E-02 3.50891E-02 2.55536E-02
 1.81875E-02 1.26029E-02 8.46410E-03 5.47305E-03 3.38709E-03 1.97661E-03
 1.07727E-03 5.35282E-04 2.34893E-04 8.62636E-05 2.42232E-05 4.45719E-06
 4.03449E-07 0.00000E+00 2.25816E+06 1.69172E+06 1.24349E+06 9.13477E+05
 6.70680E+05 4.92081E+05 3.60841E+05 2.64421E+05 1.93657E+05 1.41734E+05
 1.03676E+05 7.57870E+04 5.53720E+04 4.04314E+04 2.95091E+04 2.15260E+04
 1.56977E+04 1.14430E+04 8.34057E+03 6.07839E+03 4.43068E+03 3.23037E+03
 2.35683E+03 1.72087E+03 1.25824E+03 9.21432E+02 6.76558E+02 4.96015E+02
 3.66650E+02 2.72228E+02 2.03241E+02 1.52701E+02 1.15585E+02 8.82946E+01
 6.80426E+01 5.29725E+01 4.16934E+01 3.31822E+01 2.67090E+01 2.17326E+01
 1.78744E+01 1.48420E+01 1.24329E+01 1.04948E+01 8.91807E+00 7.61991E+00
 6.54398E+00 5.63418E+00 4.86802E+00 4.20965E+00 3.64607E+00 3.15904E+00
 2.73644E+00 2.36847E+00 2.04728E+00 1.76648E+00 1.52077E+00 1.30575E+00
 1.11768E+00 9.53380E-01 8.10076E-01 6.85389E-01 5.77025E-01 4.83647E-01
 4.02601E-01 3.33023E-01 2.73555E-01 2.23000E-01 1.80265E-01 1.44378E-01
 1.14454E-01 8.97160E-02 6.94536E-02 5.29714E-02 3.98576E-02 2.94034E-02
 2.12546E-02 1.50100E-02 1.03154E-02 6.86712E-03 4.39860E-03 2.69453E-03
 1.55495E-03 8.37083E-04 4.10244E-04 1.77239E-04 6.39478E-05 1.76094E-05
 3.18619E-06 2.91497E-07 0.00000E+00 2.72948E+06 2.03870E+06 1.49320E+06
 1.09296E+06 7.99520E+05 5.84433E+05 4.26943E+05 3.11661E+05 2.27365E+05
 1.65745E+05 1.20751E+05 8.79070E+04 6.39590E+04 4.65031E+04 3.37936E+04
 2.45428E+04 1.78171E+04 1.29285E+04 9.37919E+03 6.80273E+03 4.93452E+03
 3.57986E+03 2.59858E+03 1.88761E+03 1.37290E+03 1.00002E+03 7.30282E+02
 5.32431E+02 3.91397E+02 2.88996E+02 2.14566E+02 1.60326E+02 1.20698E+02
 9.17116E+01 7.03081E+01 5.44597E+01 4.26534E+01 3.37848E+01 2.70679E+01
 2.19247E+01 1.79518E+01 1.48402E+01 1.23763E+01 1.04006E+01 8.79835E+00
 7.48350E+00 6.39743E+00 5.48232E+00 4.71460E+00 4.05757E+00 3.49750E+00
 3.01568E+00 2.59953E+00 2.23895E+00 1.92578E+00 1.65341E+00 1.41632E+00
 1.20997E+00 1.03046E+00 8.74516E-01 7.39264E-01 6.22249E-01 5.21133E-01
 4.34505E-01 3.59759E-01 2.95970E-01 2.41779E-01 1.95990E-01 1.57525E-01
 1.25427E-01 9.88343E-02 7.69953E-02 5.92280E-02 4.48747E-02 3.35361E-02
 2.45638E-02 1.76239E-02 1.23485E-02 8.41608E-03 5.55324E-03 3.52331E-03
 2.13630E-03 1.21900E-03 6.48148E-04 3.13286E-04 1.33251E-04 4.72362E-05
 1.27587E-05 2.27116E-06 2.09995E-07 0.00000E+00 1.04777E+05 1.03596E+05
 8.00970E+04 6.19320E+04 4.78899E+04 3.70345E+04 2.86425E+04 2.21546E+04
 1.71385E+04 1.32602E+04 1.02613E+04 7.94242E+03 6.14912E+03 4.76215E+03
 3.68934E+03 2.85941E+03 2.21729E+03 1.72038E+03 1.33576E+03 1.03799E+03
 8.07396E+02 6.28754E+02 4.90308E+02 3.82964E+02 2.99688E+02 2.35042E+02
 1.84820E+02 1.45281E+02 1.15000E+02 9.13965E+01 7.29688E+01 5.85563E+01
 4.72601E+01 3.84073E+01 3.14110E+01 2.58790E+01 2.14857E+01 1.79789E+01
 1.51626E+01 1.28842E+01 1.10291E+01 9.50299E+00 8.23641E+00 7.17491E+00
 6.27658E+00 5.50915E+00 4.85000E+00 4.27363E+00 3.77228E+00 3.32821E+00
 2.93691E+00 2.58950E+00 2.28026E+00 2.00451E+00 1.75842E+00 1.53876E+00
 1.34279E+00 1.16817E+00 1.01280E+00 8.74863E-01 7.52689E-01 6.44775E-01
 5.49749E-01 4.66714E-01 3.93663E-01 3.30076E-01 2.74973E-01 2.27456E-01
 1.86699E-01 1.51948E-01 1.22511E-01 9.77559E-02 7.70943E-02 5.99905E-02
 4.61020E-02 3.47879E-02 2.57623E-02 1.86694E-02 1.31920E-02 9.04821E-03
 5.98935E-03 3.80028E-03 2.28035E-03 1.28107E-03 6.58345E-04 2.99561E-04
 1.14269E-04 3.29811E-05 5.72223E-06 2.85902E-07 0.00000E+00 1.74549E+05
 1.35875E+05 1.04462E+05 8.03110E+04 6.17525E+04 4.74827E+04 3.65164E+04
 2.80837E+04 2.16025E+04 1.66182E+04 1.27870E+04 9.84027E+03 7.57493E+03
 5.83226E+03 4.49232E+03 3.46131E+03 2.66837E+03 2.05805E+03 1.58850E+03
 1.22694E+03 9.48636E+02 7.34216E+02 5.69055E+02 4.41700E+02 3.43503E+02
 2.67699E+02 2.09178E+02 1.63362E+02 1.28489E+02 1.01453E+02 8.04769E+01
 6.41594E+01 5.14473E+01 4.15368E+01 3.37510E+01 2.76253E+01 2.27882E+01
 1.89450E+01 1.58755E+01 1.34033E+01 1.14012E+01 9.76146E+00 8.40780E+00
 7.27870E+00 6.32850E+00 5.52096E+00 4.83150E+00 4.23205E+00 3.71395E+00
 3.25785E+00 2.85858E+00 2.50636E+00 2.19492E+00 1.91902E+00 1.67440E+00
 1.45746E+00 1.26517E+00 1.09490E+00 9.44373E-01 8.11556E-01 6.94639E-01
 5.92017E-01 5.02174E-01 4.24146E-01 3.55902E-01 2.96856E-01 2.45991E-01
 2.02393E-01 1.65222E-01 1.33723E-01 1.07203E-01 8.50414E-02 6.66673E-02
 5.15537E-02 3.93647E-02 2.95048E-02 2.16958E-02 1.56061E-02 1.09404E-02
 7.44128E-03 4.88068E-03 3.06655E-03 1.81993E-03 1.01171E-03 5.13692E-04
 2.30535E-04 8.65022E-05 2.44968E-05 4.17688E-06 2.11992E-07 0.00000E+00
 2.28459E+05 1.77054E+05 1.35428E+05 1.03581E+05 7.92343E+04 6.06061E+04
 4.63645E+04 3.54679E+04 2.71372E+04 2.07629E+04 1.58895E+04 1.21605E+04
 9.30924E+03 7.12734E+03 5.45892E+03 4.18197E+03 3.20539E+03 2.45777E+03
 1.88587E+03 1.44790E+03 1.11275E+03 8.55966E+02 6.59338E+02 5.08574E+02
 3.93021E+02 3.04331E+02 2.36284E+02 1.83317E+02 1.43247E+02 1.12359E+02
 8.85421E+01 7.01204E+01 5.58555E+01 4.47968E+01 3.61603E+01 2.94020E+01
 2.40960E+01 1.99019E+01 1.65703E+01 1.39005E+01 1.17498E+01 9.99708E+00
 8.55778E+00 7.36331E+00 6.36365E+00 5.51862E+00 4.80134E+00 4.18125E+00
 3.64861E+00 3.18253E+00 2.77709E+00 2.42165E+00 2.10934E+00 1.83442E+00
 1.59220E+00 1.37872E+00 1.19066E+00 1.02517E+00 8.79737E-01 7.52194E-01
 6.40587E-01 5.43216E-01 4.58452E-01 3.85270E-01 3.21630E-01 2.66890E-01
 2.20007E-01 1.80059E-01 1.46201E-01 1.17680E-01 9.38127E-02 7.39917E-02
 5.76644E-02 4.43186E-02 3.36275E-02 2.50387E-02 1.82848E-02 1.30577E-02
 9.08404E-03 6.12887E-03 3.98489E-03 2.48062E-03 1.45725E-03 7.99884E-04
 4.00382E-04 1.76837E-04 6.51471E-05 1.80655E-05 3.02066E-06 1.56045E-07
 0.00000E+00 2.96766E+05 2.29060E+05 1.74387E+05 1.32745E+05 1.01056E+05
 7.69211E+04 5.85562E+04 4.45706E+04 3.39297E+04 2.58269E+04 1.96625E+04
 1.49688E+04 1.13982E+04 8.67951E+03 6.61142E+03 5.03675E+03 3.83887E+03
 2.92669E+03 2.23270E+03 1.70412E+03 1.30188E+03 9.95397E+02 7.62054E+02
 5.84151E+02 4.48590E+02 3.45144E+02 2.66254E+02 2.05207E+02 1.59300E+02
 1.24123E+02 9.71626E+01 7.64327E+01 6.04767E+01 4.81790E+01 3.86318E+01
 3.12033E+01 2.54044E+01 2.08457E+01 1.72447E+01 1.43740E+01 1.20739E+01
 1.02092E+01 8.68605E+00 7.42863E+00 6.38204E+00 5.50217E+00 4.75957E+00
 4.12125E+00 3.57623E+00 3.10215E+00 2.69226E+00 2.33510E+00 2.02322E+00
 1.75034E+00 1.51138E+00 1.30206E+00 1.11876E+00 9.58418E-01 8.18346E-01
 6.96222E-01 5.89976E-01 4.97824E-01 4.18050E-01 3.49570E-01 2.90355E-01
 2.39713E-01 1.96586E-01 1.60051E-01 1.29265E-01 1.03485E-01 8.20385E-02
 6.43371E-02 4.98484E-02 3.80792E-02 2.87131E-02 2.12400E-02 1.54049E-02
 1.09223E-02 7.54099E-03 5.04712E-03 3.25326E-03 2.00661E-03 1.16695E-03
 6.33572E-04 3.13316E-04 1.36557E-04 4.95519E-05 1.35287E-05 2.24266E-06
 1.18756E-07 0.00000E+00 3.82663E+05 2.94243E+05 2.23026E+05 1.69013E+05
 1.28083E+05 9.70450E+04 7.35305E+04 5.57028E+04 4.21999E+04 3.19649E+04
 2.42145E+04 1.83411E+04 1.38944E+04 1.05252E+04 7.97485E+03 6.04272E+03
 4.58040E+03 3.47259E+03 2.63417E+03 1.99898E+03 1.51822E+03 1.15391E+03
 8.78079E+02 6.68959E+02 5.10518E+02 3.90305E+02 2.99170E+02 2.29060E+02
 1.76653E+02 1.36733E+02 1.06321E+02 8.30770E+01 6.52928E+01 5.16678E+01
 4.11526E+01 3.30186E+01 2.67056E+01 2.17707E+01 1.78941E+01 1.48208E+01
 1.23716E+01 1.03965E+01 8.79186E+00 7.47427E+00 6.38358E+00 5.47165E+00
 4.70633E+00 4.05221E+00 3.49697E+00 3.01683E+00 2.60418E+00 2.24675E+00
 1.93650E+00 1.66667E+00 1.43179E+00 1.22726E+00 1.04920E+00 8.94349E-01
 7.59857E-01 6.43270E-01 5.42421E-01 4.55448E-01 3.80573E-01 3.16660E-01
 2.61701E-01 2.14964E-01 1.75387E-01 1.42051E-01 1.14120E-01 9.08683E-02
 7.16382E-02 5.58626E-02 4.30313E-02 3.26729E-02 2.44835E-02 1.79934E-02
 1.29613E-02 9.12423E-03 6.25202E-03 4.15102E-03 2.65267E-03 1.62120E-03
 9.33375E-04 5.01261E-04 2.44915E-04 1.05342E-04 3.76717E-05 1.01354E-05
 1.66621E-06 9.04480E-08 0.00000E+00 4.89860E+05 3.75318E+05 2.83287E+05
 2.13767E+05 1.61299E+05 1.21674E+05 9.17790E+04 6.92107E+04 5.21905E+04
 3.93463E+04 2.96633E+04 2.23587E+04 1.68539E+04 1.27026E+04 9.57520E+03
 7.21741E+03 5.44166E+03 4.10318E+03 3.09532E+03 2.33573E+03 1.76382E+03
 1.33276E+03 1.00816E+03 7.63419E+02 5.79024E+02 4.39913E+02 3.35060E+02
 2.54869E+02 1.95277E+02 1.50155E+02 1.15982E+02 9.00220E+01 7.02773E+01
 5.52410E+01 4.37052E+01 3.48344E+01 2.79893E+01 2.26692E+01 1.85134E+01
 1.52370E+01 1.26401E+01 1.05574E+01 8.87427E+00 7.49975E+00 6.36809E+00
 5.42711E+00 4.64179E+00 3.97438E+00 3.41110E+00 2.92682E+00 2.51305E+00
 2.15675E+00 1.84930E+00 1.58346E+00 1.35341E+00 1.15425E+00 9.81861E-01
 8.32801E-01 7.04075E-01 5.93119E-01 4.97679E-01 4.15834E-01 3.45758E-01
 2.86272E-01 2.35404E-01 1.92387E-01 1.56164E-01 1.25825E-01 1.00551E-01
 7.96320E-02 6.24330E-02 4.84087E-02 3.70730E-02 2.79786E-02 2.08355E-02
 1.52126E-02 1.08836E-02 7.60681E-03 5.17293E-03 3.40710E-03 2.15856E-03
 1.30714E-03 7.45031E-04 3.95775E-04 1.91065E-04 8.11041E-05 2.85876E-05
 7.58024E-06 1.23526E-06 6.86675E-08 0.00000E+00 6.22605E+05 4.75379E+05
 3.57364E+05 2.68561E+05 2.01797E+05 1.51578E+05 1.13842E+05 8.54709E+04
 6.41634E+04 4.81523E+04 3.61337E+04 2.71071E+04 2.03348E+04 1.52510E+04
 1.14387E+04 8.57817E+03 6.43405E+03 4.82583E+03 3.62083E+03 2.71727E+03
 2.04043E+03 1.53297E+03 1.15285E+03 8.67804E+02 6.54217E+02 4.93979E+02
 3.73889E+02 2.82574E+02 2.15110E+02 1.64328E+02 1.26096E+02 9.72242E+01
 7.53950E+01 5.88711E+01 4.62684E+01 3.66347E+01 2.92437E+01 2.35326E+01
 1.90964E+01 1.56185E+01 1.28769E+01 1.06901E+01 8.93229E+00 7.50460E+00
 6.33548E+00 5.36867E+00 4.56623E+00 3.88807E+00 3.31897E+00 2.83248E+00
 2.41919E+00 2.06538E+00 1.76182E+00 1.50087E+00 1.27634E+00 1.08307E+00
 9.16733E-01 7.73718E-01 6.50906E-01 5.45638E-01 4.55596E-01 3.78807E-01
 3.13418E-01 2.58215E-01 2.11270E-01 1.71790E-01 1.38730E-01 1.11197E-01
 8.83912E-02 6.96237E-02 5.42840E-02 4.18512E-02 3.18643E-02 2.39018E-02
 1.76884E-02 1.28304E-02 9.11647E-03 6.32603E-03 4.26937E-03 2.78940E-03
 1.75200E-03 1.05120E-03 5.93147E-04 3.11671E-04 1.48668E-04 6.22836E-05
 2.16417E-05 5.65650E-06 9.13512E-07 5.19676E-08 0.00000E+00 7.85681E+05
 5.97889E+05 4.47698E+05 3.35109E+05 2.50781E+05 1.87596E+05 1.40301E+05
 1.04886E+05 7.83958E+04 5.85727E+04 4.37546E+04 3.26735E+04 2.43956E+04
 1.82093E+04 1.35909E+04 1.01416E+04 7.56820E+03 5.64721E+03 4.21479E+03
 3.14602E+03 2.34943E+03 1.75526E+03 1.31247E+03 9.82215E+02 7.36072E+02
 5.52421E+02 4.15551E+02 3.12071E+02 2.36056E+02 1.79172E+02 1.36592E+02
 1.04629E+02 8.06036E+01 6.25256E+01 4.88179E+01 3.84016E+01 3.04560E+01
 2.43519E+01 1.96368E+01 1.59610E+01 1.30791E+01 1.07930E+01 8.96509E+00
 7.48849E+00 6.28578E+00 5.29659E+00 4.48004E+00 3.79376E+00 3.22105E+00
 2.73424E+00 2.32302E+00 1.97298E+00 1.67436E+00 1.41912E+00 1.20074E+00
 1.01383E+00 8.53868E-01 7.17103E-01 6.00310E-01 5.00755E-01 4.16071E-01
 3.44248E-01 2.83417E-01 2.32343E-01 1.89147E-01 1.53021E-01 1.22939E-01
 9.80258E-02 7.75070E-02 6.07191E-02 4.70779E-02 3.60885E-02 2.73158E-02
 2.03650E-02 1.49765E-02 1.07919E-02 7.61533E-03 5.24625E-03 3.51370E-03
 2.27716E-03 1.41789E-03 8.42887E-04 4.70831E-04 2.44710E-04 1.15337E-04
 4.76910E-05 1.63380E-05 4.21010E-06 6.73792E-07 3.92067E-08 0.00000E+00
 9.84399E+05 7.46670E+05 5.56963E+05 4.15276E+05 3.09544E+05 2.30622E+05
 1.71772E+05 1.27879E+05 9.51749E+04 7.08019E+04 5.26568E+04 3.91448E+04
 2.90936E+04 2.16148E+04 1.60561E+04 1.19231E+04 8.85360E+03 6.57305E+03
 4.88051E+03 3.62381E+03 2.69173E+03 1.99998E+03 1.48710E+03 1.10656E+03
 8.24426E+02 6.15055E+02 4.59873E+02 3.43205E+02 2.57985E+02 1.94580E+02
 1.47390E+02 1.12173E+02 8.58549E+01 6.61687E+01 5.13276E+01 4.01162E+01
 3.16129E+01 2.51178E+01 2.01285E+01 1.62606E+01 1.32444E+01 1.08647E+01
 8.97206E+00 7.45134E+00 6.21923E+00 5.21129E+00 4.38374E+00 3.69201E+00
 3.11791E+00 2.63265E+00 2.22501E+00 1.87997E+00 1.58727E+00 1.33849E+00
 1.12683E+00 9.46672E-01 7.93351E-01 6.62990E-01 5.52279E-01 4.58427E-01
 3.79031E-01 3.12060E-01 2.55644E-01 2.08535E-01 1.68911E-01 1.35954E-01
 1.08663E-01 8.61887E-02 6.77838E-02 5.28122E-02 4.07184E-02 3.10345E-02
 2.33520E-02 1.73030E-02 1.26444E-02 9.05111E-03 6.34281E-03 4.33790E-03
 2.88310E-03 1.85332E-03 1.14396E-03 6.73741E-04 3.72557E-04 1.91524E-04
 8.91951E-05 3.64037E-05 1.22977E-05 3.12494E-06 4.95632E-07 2.94889E-08
 0.00000E+00 1.22456E+06 9.25873E+05 6.88038E+05 5.11052E+05 3.79456E+05
 2.81595E+05 2.08895E+05 1.54881E+05 1.14792E+05 8.50343E+04 6.29689E+04
 4.66055E+04 3.44835E+04 2.55025E+04 1.88558E+04 1.39359E+04 1.02981E+04
 7.60781E+03 5.62037E+03 4.15174E+03 3.06767E+03 2.26711E+03 1.67650E+03
 1.24053E+03 9.18969E+02 6.81598E+02 5.06607E+02 3.75774E+02 2.80737E+02
 2.10428E+02 1.58392E+02 1.19785E+02 9.10961E+01 6.97619E+01 5.37701E+01
 4.17594E+01 3.27011E+01 2.58214E+01 2.05656E+01 1.65137E+01 1.33707E+01
 1.09043E+01 8.95289E+00 7.39328E+00 6.13624E+00 5.11336E+00 4.27799E+00
 3.58349E+00 3.01020E+00 2.52830E+00 2.12569E+00 1.78681E+00 1.50091E+00
 1.25927E+00 1.05481E+00 8.81754E-01 7.35282E-01 6.11428E-01 5.06817E-01
 4.18621E-01 3.44416E-01 2.82163E-01 2.30003E-01 1.86685E-01 1.50447E-01
 1.20473E-01 9.57910E-02 7.55784E-02 5.91200E-02 4.58092E-02 3.51205E-02
 2.66134E-02 1.99066E-02 1.46590E-02 1.06442E-02 7.56863E-03 5.26703E-03
 3.57586E-03 2.35834E-03 1.50361E-03 9.20007E-04 5.36800E-04 2.93836E-04
 1.49407E-04 6.87544E-05 2.76992E-05 9.22844E-06 2.31298E-06 3.63595E-07
 2.21136E-08 0.00000E+00 1.51240E+06 1.13993E+06 8.43971E+05 6.24525E+05
 4.61940E+05 3.41478E+05 2.52319E+05 1.86328E+05 1.37535E+05 1.01459E+05
 7.48140E+04 5.51343E+04 4.06151E+04 2.99031E+04 2.20088E+04 1.61907E+04
 1.19077E+04 8.75447E+03 6.43560E+03 4.73006E+03 3.47703E+03 2.55617E+03
 1.88014E+03 1.38361E+03 1.01924E+03 7.51663E+02 5.55443E+02 4.09533E+02
 3.04123E+02 2.26572E+02 1.69495E+02 1.27386E+02 9.62719E+01 7.32662E+01
 5.61181E+01 4.33125E+01 3.37081E+01 2.64546E+01 2.09432E+01 1.67173E+01
 1.34565E+01 1.09111E+01 8.90764E+00 7.31475E+00 6.03749E+00 5.00357E+00
 4.16360E+00 3.46897E+00 2.89864E+00 2.42182E+00 2.02562E+00 1.69396E+00
 1.41568E+00 1.18177E+00 9.84930E-01 8.19232E-01 6.79756E-01 5.62461E-01
 4.63927E-01 3.81306E-01 3.12167E-01 2.54478E-01 2.06402E-01 1.66690E-01
 1.33651E-01 1.06474E-01 8.42184E-02 6.60956E-02 5.14231E-02 3.96252E-02
 3.02076E-02 2.27576E-02 1.69209E-02 1.23830E-02 8.93404E-03 6.31003E-03
 4.36042E-03 2.93861E-03 1.92305E-03 1.21603E-03 7.37521E-04 4.26302E-04
 2.30990E-04 1.16169E-04 5.28254E-05 2.10089E-05 6.90436E-06 1.70721E-06
 2.66027E-07 1.65350E-08 0.00000E+00 1.85451E+06 1.39348E+06 1.02793E+06
 7.57843E+05 5.58444E+05 4.11243E+05 3.02689E+05 2.22643E+05 1.63682E+05
 1.20255E+05 8.83055E+04 6.48023E+04 4.75317E+04 3.48423E+04 2.55295E+04
 1.86954E+04 1.36860E+04 1.00143E+04 7.32619E+03 5.35814E+03 3.91892E+03
 2.86626E+03 2.09717E+03 1.53508E+03 1.12465E+03 8.24773E+02 6.06010E+02
 4.44202E+02 3.27932E+02 2.42860E+02 1.80585E+02 1.34899E+02 1.01326E+02
 7.66425E+01 5.83450E+01 4.47577E+01 3.46225E+01 2.70102E+01 2.12570E+01
 1.68691E+01 1.35008E+01 1.08851E+01 8.83671E+00 7.21645E+00 5.92381E+00
 4.88281E+00 4.04145E+00 3.34929E+00 2.78398E+00 2.31388E+00 1.92537E+00
 1.60189E+00 1.33194E+00 1.10626E+00 9.17384E-01 7.59248E-01 6.26858E-01
 5.16124E-01 4.23604E-01 3.46444E-01 2.82223E-01 2.28926E-01 1.84748E-01
 1.48452E-01 1.18421E-01 9.38533E-02 7.38471E-02 5.76473E-02 4.46067E-02
 3.41818E-02 2.59097E-02 1.94056E-02 1.43419E-02 1.04300E-02 7.47661E-03
 5.24504E-03 3.59896E-03 2.40752E-03 1.56324E-03 9.80344E-04 5.89346E-04
 3.37460E-04 1.80997E-04 9.00331E-05 4.04567E-05 1.58848E-05 5.15035E-06
 1.25667E-06 1.94142E-07 1.23291E-08 0.00000E+00 2.25772E+06 1.69133E+06
 1.24314E+06 9.13171E+05 6.70408E+05 4.91840E+05 3.60627E+05 2.64231E+05
 1.93489E+05 1.41585E+05 1.03544E+05 7.56696E+04 5.52681E+04 4.03393E+04
 2.94277E+04 2.14540E+04 1.56340E+04 1.13867E+04 8.29080E+03 6.03441E+03
 4.39181E+03 3.19602E+03 2.32645E+03 1.69401E+03 1.23447E+03 9.00369E+02
 6.57884E+02 4.79468E+02 3.51939E+02 2.59127E+02 1.91547E+02 1.42241E+02
 1.06203E+02 7.98531E+01 6.04260E+01 4.60790E+01 3.54343E+01 2.74824E+01
 2.15037E+01 1.69677E+01 1.35033E+01 1.08266E+01 8.74086E+00 7.09935E+00
 5.79625E+00 4.75212E+00 3.91250E+00 3.22534E+00 2.66700E+00 2.20516E+00
 1.82548E+00 1.51105E+00 1.25005E+00 1.03303E+00 8.52366E-01 7.01924E-01
 5.76653E-01 4.72436E-01 3.85829E-01 3.13987E-01 2.54514E-01 2.05422E-01
 1.64947E-01 1.31873E-01 1.04656E-01 8.25138E-02 6.45830E-02 5.01455E-02
 3.85900E-02 2.94062E-02 2.21622E-02 1.65013E-02 1.21217E-02 8.75995E-03
 6.23881E-03 4.34701E-03 2.96164E-03 1.96646E-03 1.26686E-03 7.87896E-04
 4.69469E-04 2.66290E-04 1.41375E-04 6.95567E-05 3.08877E-05 1.19742E-05
 3.83102E-06 9.22606E-07 1.41336E-07 9.16832E-09 0.00000E+00 2.72901E+06
 2.03829E+06 1.49283E+06 1.09264E+06 7.99232E+05 5.84177E+05 4.26716E+05
 3.11460E+05 2.27187E+05 1.65587E+05 1.20611E+05 8.77829E+04 6.38492E+04
 4.64059E+04 3.37076E+04 2.44668E+04 1.77499E+04 1.28691E+04 9.32669E+03
 6.75634E+03 4.89353E+03 3.54363E+03 2.56655E+03 1.85928E+03 1.34784E+03
 9.77817E+02 7.10604E+02 5.14998E+02 3.75904E+02 2.75205E+02 2.02266E+02
 1.49333E+02 1.10850E+02 8.28632E+01 6.23386E+01 4.72623E+01 3.61351E+01
 2.78664E+01 2.16812E+01 1.70125E+01 1.34643E+01 1.07365E+01 8.62118E+00
 6.96463E+00 5.65601E+00 4.61263E+00 3.77780E+00 3.09801E+00 2.54849E+00
 2.09630E+00 1.72650E+00 1.42187E+00 1.17034E+00 9.62297E-01 7.90037E-01
 6.47357E-01 5.29184E-01 4.31396E-01 3.50566E-01 2.83875E-01 2.28962E-01
 1.83875E-01 1.46901E-01 1.16851E-01 9.22574E-02 7.23590E-02 5.63355E-02
 4.35062E-02 3.32969E-02 2.52303E-02 1.89057E-02 1.39934E-02 1.02169E-02
 7.33672E-03 5.19118E-03 3.59238E-03 2.43008E-03 1.60148E-03 1.02362E-03
 6.31318E-04 3.72839E-04 2.09487E-04 1.10089E-04 5.35734E-05 2.35113E-05
 9.00020E-06 2.84191E-06 6.75655E-07 1.02653E-07 6.80026E-09 0.00000E+00
