2157360 0 0 5. 1000. 0. 1. 1
2157361 6.5 0.00015 6.435 6.565 .0001485 .0001515 1
2157362 6.5 0.00028 6.435 6.565 .0002772 .0002828 1
2157363 6.5 0.0005 6.435 6.565 .000495 .000505 1
2157364 6.5 0.0008 6.435 6.565 .000792 .000808 1
2157365 6.5 0.001 6.435 6.565 .00099 .00101 1
2157366 12 0.0002 11.88 12.12 .000198 .000202 1
2157367 12 0.00043 11.88 12.12 .0004257 .0004343 1
2157368 12 0.00065 11.88 12.12 .0006435 .0006565 1
2157369 12 0.001 11.88 12.12 .00099 .00101 1
2157370 12 0.002 11.88 12.12 .00198 .00202 1
2157371 25 0.00043 24.75 25.25 .0004257 .0004343 1
2157372 25 0.0008 24.75 25.25 .000792 .000808 1
2157373 25 0.002 24.75 25.25 .00198 .00202 1
2157374 25 0.004 24.75 25.25 .00396 .00404 1
2157375 30 0.0005 29.70 30.30 .000495 .000505 1
2157376 30 0.0016 29.70 30.30 .001584 .001616 1
2157377 30 0.0025 29.70 30.30 .002475 .002525 1
2157378 30 0.0045 29.70 30.30 .004455 .004545 1
2157379 30 0.006 29.70 30.30 .00594 .00606 1
2157380 80 0.0016 79.20 80.80 .001584 .001616 1
2157381 80 0.0025 79.20 80.80 .002475 .002525 1
2157382 80 0.0045 79.20 80.80 .004455 .004545 1
2157383 80 0.008 79.20 80.80 .00792 .00808 1
2157384 80 0.01 79.20 80.80 .0099 .0101 1
2157385 160 0.0025 158.40 161.60 .002475 .002525 1
2157386 160 0.0035 158.40 161.60 .003465 .003535 1
2157387 160 0.008 158.40 161.60 .00792 .00808 1
2157388 160 0.02 158.40 161.60 .0198 .0202 1
2157389 160 0.03 158.40 161.60 .0297 .0303 1
2157390 600 0.009 594.00 606.00 .00891 .00909 1
2157391 600 0.013 594.00 606.00 .01287 .01313 1
2157392 600 0.035 594.00 606.00 .03465 .03535 1
2157393 600 0.07 594.00 606.00 .0693 .0707 1
2157394 0 0 5. 1000. 0. 1. 2
2157395 6.5 0.00015 6.435 6.565 .0001485 .0001515 2
2157396 6.5 0.00028 6.435 6.565 .0002772 .0002828 2
2157397 6.5 0.0005 6.435 6.565 .000495 .000505 2
2157398 6.5 0.0008 6.435 6.565 .000792 .000808 2
2157399 6.5 0.001 6.435 6.565 .00099 .00101 2
2157400 12 0.0002 11.88 12.12 .000198 .000202 2
2157401 12 0.00043 11.88 12.12 .0004257 .0004343 2
2157402 12 0.00065 11.88 12.12 .0006435 .0006565 2
2157403 12 0.001 11.88 12.12 .00099 .00101 2
2157404 12 0.002 11.88 12.12 .00198 .00202 2
2157405 25 0.00043 24.75 25.25 .0004257 .0004343 2
2157406 25 0.0008 24.75 25.25 .000792 .000808 2
2157407 25 0.002 24.75 25.25 .00198 .00202 2
2157408 25 0.004 24.75 25.25 .00396 .00404 2
2157409 30 0.0005 29.70 30.30 .000495 .000505 2
2157410 30 0.0016 29.70 30.30 .001584 .001616 2
2157411 30 0.0025 29.70 30.30 .002475 .002525 2
2157412 30 0.0045 29.70 30.30 .004455 .004545 2
2157413 30 0.006 29.70 30.30 .00594 .00606 2
2157414 80 0.0016 79.20 80.80 .001584 .001616 2
2157415 80 0.0025 79.20 80.80 .002475 .002525 2
2157416 80 0.0045 79.20 80.80 .004455 .004545 2
2157417 80 0.008 79.20 80.80 .00792 .00808 2
2157418 80 0.01 79.20 80.80 .0099 .0101 2
2157419 160 0.0025 158.40 161.60 .002475 .002525 2
2157420 160 0.0035 158.40 161.60 .003465 .003535 2
2157421 160 0.008 158.40 161.60 .00792 .00808 2
2157422 160 0.02 158.40 161.60 .0198 .0202 2
2157423 160 0.03 158.40 161.60 .0297 .0303 2
2157424 600 0.009 594.00 606.00 .00891 .00909 2
2157425 600 0.013 594.00 606.00 .01287 .01313 2
2157426 600 0.035 594.00 606.00 .03465 .03535 2
2157427 600 0.07 594.00 606.00 .0693 .0707 2
2157428 0 0 5. 1000. 0. 1. 3
2157429 6.5 0.00015 6.435 6.565 .0001485 .0001515 3
2157430 6.5 0.00028 6.435 6.565 .0002772 .0002828 3
2157431 6.5 0.0005 6.435 6.565 .000495 .000505 3
2157432 6.5 0.0008 6.435 6.565 .000792 .000808 3
2157433 6.5 0.001 6.435 6.565 .00099 .00101 3
2157434 12 0.0002 11.88 12.12 .000198 .000202 3
2157435 12 0.00043 11.88 12.12 .0004257 .0004343 3
2157436 12 0.00065 11.88 12.12 .0006435 .0006565 3
2157437 12 0.001 11.88 12.12 .00099 .00101 3
2157438 12 0.002 11.88 12.12 .00198 .00202 3
2157439 25 0.00043 24.75 25.25 .0004257 .0004343 3
2157440 25 0.0008 24.75 25.25 .000792 .000808 3
2157441 25 0.002 24.75 25.25 .00198 .00202 3
2157442 25 0.004 24.75 25.25 .00396 .00404 3
2157443 30 0.0005 29.70 30.30 .000495 .000505 3
2157444 30 0.0016 29.70 30.30 .001584 .001616 3
2157445 30 0.0025 29.70 30.30 .002475 .002525 3
2157446 30 0.0045 29.70 30.30 .004455 .004545 3
2157447 30 0.006 29.70 30.30 .00594 .00606 3
2157448 80 0.0016 79.20 80.80 .001584 .001616 3
2157449 80 0.0025 79.20 80.80 .002475 .002525 3
2157450 80 0.0045 79.20 80.80 .004455 .004545 3
2157451 80 0.008 79.20 80.80 .00792 .00808 3
2157452 80 0.01 79.20 80.80 .0099 .0101 3
2157453 160 0.0025 158.40 161.60 .002475 .002525 3
2157454 160 0.0035 158.40 161.60 .003465 .003535 3
2157455 160 0.008 158.40 161.60 .00792 .00808 3
2157456 160 0.02 158.40 161.60 .0198 .0202 3
2157457 160 0.03 158.40 161.60 .0297 .0303 3
2157458 600 0.009 594.00 606.00 .00891 .00909 3
2157459 600 0.013 594.00 606.00 .01287 .01313 3
2157460 600 0.035 594.00 606.00 .03465 .03535 3
2157461 600 0.07 594.00 606.00 .0693 .0707 3
2157462 0 0 5. 1000. 0. 1. 4
2157463 6.5 0.00015 6.435 6.565 .0001485 .0001515 4
2157464 6.5 0.00028 6.435 6.565 .0002772 .0002828 4
2157465 6.5 0.0005 6.435 6.565 .000495 .000505 4
2157466 6.5 0.0008 6.435 6.565 .000792 .000808 4
2157467 6.5 0.001 6.435 6.565 .00099 .00101 4
2157468 12 0.0002 11.88 12.12 .000198 .000202 4
2157469 12 0.00043 11.88 12.12 .0004257 .0004343 4
2157470 12 0.00065 11.88 12.12 .0006435 .0006565 4
2157471 12 0.001 11.88 12.12 .00099 .00101 4
2157472 12 0.002 11.88 12.12 .00198 .00202 4
2157473 25 0.00043 24.75 25.25 .0004257 .0004343 4
2157474 25 0.0008 24.75 25.25 .000792 .000808 4
2157475 25 0.002 24.75 25.25 .00198 .00202 4
2157476 25 0.004 24.75 25.25 .00396 .00404 4
2157477 30 0.0005 29.70 30.30 .000495 .000505 4
2157478 30 0.0016 29.70 30.30 .001584 .001616 4
2157479 30 0.0025 29.70 30.30 .002475 .002525 4
2157480 30 0.0045 29.70 30.30 .004455 .004545 4
2157481 30 0.006 29.70 30.30 .00594 .00606 4
2157482 80 0.0016 79.20 80.80 .001584 .001616 4
2157483 80 0.0025 79.20 80.80 .002475 .002525 4
2157484 80 0.0045 79.20 80.80 .004455 .004545 4
2157485 80 0.008 79.20 80.80 .00792 .00808 4
2157486 80 0.01 79.20 80.80 .0099 .0101 4
2157487 160 0.0025 158.40 161.60 .002475 .002525 4
2157488 160 0.0035 158.40 161.60 .003465 .003535 4
2157489 160 0.008 158.40 161.60 .00792 .00808 4
2157490 160 0.02 158.40 161.60 .0198 .0202 4
2157491 160 0.03 158.40 161.60 .0297 .0303 4
2157492 600 0.009 594.00 606.00 .00891 .00909 4
2157493 600 0.013 594.00 606.00 .01287 .01313 4
2157494 600 0.035 594.00 606.00 .03465 .03535 4
2157495 600 0.07 594.00 606.00 .0693 .0707 4
2157496 0 0 5. 1000. 0. 1. 5
2157497 6.5 0.00015 6.435 6.565 .0001485 .0001515 5
2157498 6.5 0.00028 6.435 6.565 .0002772 .0002828 5
2157499 6.5 0.0005 6.435 6.565 .000495 .000505 5
2157500 6.5 0.0008 6.435 6.565 .000792 .000808 5
2157501 6.5 0.001 6.435 6.565 .00099 .00101 5
2157502 12 0.0002 11.88 12.12 .000198 .000202 5
2157503 12 0.00043 11.88 12.12 .0004257 .0004343 5
2157504 12 0.00065 11.88 12.12 .0006435 .0006565 5
2157505 12 0.001 11.88 12.12 .00099 .00101 5
2157506 12 0.002 11.88 12.12 .00198 .00202 5
2157507 25 0.00043 24.75 25.25 .0004257 .0004343 5
2157508 25 0.0008 24.75 25.25 .000792 .000808 5
2157509 25 0.002 24.75 25.25 .00198 .00202 5
2157510 25 0.004 24.75 25.25 .00396 .00404 5
2157511 30 0.0005 29.70 30.30 .000495 .000505 5
2157512 30 0.0016 29.70 30.30 .001584 .001616 5
2157513 30 0.0025 29.70 30.30 .002475 .002525 5
2157514 30 0.0045 29.70 30.30 .004455 .004545 5
2157515 30 0.006 29.70 30.30 .00594 .00606 5
2157516 80 0.0016 79.20 80.80 .001584 .001616 5
2157517 80 0.0025 79.20 80.80 .002475 .002525 5
2157518 80 0.0045 79.20 80.80 .004455 .004545 5
2157519 80 0.008 79.20 80.80 .00792 .00808 5
2157520 80 0.01 79.20 80.80 .0099 .0101 5
2157521 160 0.0025 158.40 161.60 .002475 .002525 5
2157522 160 0.0035 158.40 161.60 .003465 .003535 5
2157523 160 0.008 158.40 161.60 .00792 .00808 5
2157524 160 0.02 158.40 161.60 .0198 .0202 5
2157525 160 0.03 158.40 161.60 .0297 .0303 5
2157526 600 0.009 594.00 606.00 .00891 .00909 5
2157527 600 0.013 594.00 606.00 .01287 .01313 5
2157528 600 0.035 594.00 606.00 .03465 .03535 5
2157529 600 0.07 594.00 606.00 .0693 .0707 5
2157530 0 0 5. 1000. 0. 1. 6
2157531 6.5 0.00015 6.435 6.565 .0001485 .0001515 6
2157532 6.5 0.00028 6.435 6.565 .0002772 .0002828 6
2157533 6.5 0.0005 6.435 6.565 .000495 .000505 6
2157534 6.5 0.0008 6.435 6.565 .000792 .000808 6
2157535 6.5 0.001 6.435 6.565 .00099 .00101 6
2157536 12 0.0002 11.88 12.12 .000198 .000202 6
2157537 12 0.00043 11.88 12.12 .0004257 .0004343 6
2157538 12 0.00065 11.88 12.12 .0006435 .0006565 6
2157539 12 0.001 11.88 12.12 .00099 .00101 6
2157540 12 0.002 11.88 12.12 .00198 .00202 6
2157541 25 0.00043 24.75 25.25 .0004257 .0004343 6
2157542 25 0.0008 24.75 25.25 .000792 .000808 6
2157543 25 0.002 24.75 25.25 .00198 .00202 6
2157544 25 0.004 24.75 25.25 .00396 .00404 6
2157545 30 0.0005 29.70 30.30 .000495 .000505 6
2157546 30 0.0016 29.70 30.30 .001584 .001616 6
2157547 30 0.0025 29.70 30.30 .002475 .002525 6
2157548 30 0.0045 29.70 30.30 .004455 .004545 6
2157549 30 0.006 29.70 30.30 .00594 .00606 6
2157550 80 0.0016 79.20 80.80 .001584 .001616 6
2157551 80 0.0025 79.20 80.80 .002475 .002525 6
2157552 80 0.0045 79.20 80.80 .004455 .004545 6
2157553 80 0.008 79.20 80.80 .00792 .00808 6
2157554 80 0.01 79.20 80.80 .0099 .0101 6
2157555 160 0.0025 158.40 161.60 .002475 .002525 6
2157556 160 0.0035 158.40 161.60 .003465 .003535 6
2157557 160 0.008 158.40 161.60 .00792 .00808 6
2157558 160 0.02 158.40 161.60 .0198 .0202 6
2157559 160 0.03 158.40 161.60 .0297 .0303 6
2157560 600 0.009 594.00 606.00 .00891 .00909 6
2157561 600 0.013 594.00 606.00 .01287 .01313 6
2157562 600 0.035 594.00 606.00 .03465 .03535 6
2157563 600 0.07 594.00 606.00 .0693 .0707 6
2157564 0 0 5. 1000. 0. 1. 7
2157565 6.5 0.00015 6.435 6.565 .0001485 .0001515 7
2157566 6.5 0.00028 6.435 6.565 .0002772 .0002828 7
2157567 6.5 0.0005 6.435 6.565 .000495 .000505 7
2157568 6.5 0.0008 6.435 6.565 .000792 .000808 7
2157569 6.5 0.001 6.435 6.565 .00099 .00101 7
2157570 12 0.0002 11.88 12.12 .000198 .000202 7
2157571 12 0.00043 11.88 12.12 .0004257 .0004343 7
2157572 12 0.00065 11.88 12.12 .0006435 .0006565 7
2157573 12 0.001 11.88 12.12 .00099 .00101 7
2157574 12 0.002 11.88 12.12 .00198 .00202 7
2157575 25 0.00043 24.75 25.25 .0004257 .0004343 7
2157576 25 0.0008 24.75 25.25 .000792 .000808 7
2157577 25 0.002 24.75 25.25 .00198 .00202 7
2157578 25 0.004 24.75 25.25 .00396 .00404 7
2157579 30 0.0005 29.70 30.30 .000495 .000505 7
2157580 30 0.0016 29.70 30.30 .001584 .001616 7
2157581 30 0.0025 29.70 30.30 .002475 .002525 7
2157582 30 0.0045 29.70 30.30 .004455 .004545 7
2157583 30 0.006 29.70 30.30 .00594 .00606 7
2157584 80 0.0016 79.20 80.80 .001584 .001616 7
2157585 80 0.0025 79.20 80.80 .002475 .002525 7
2157586 80 0.0045 79.20 80.80 .004455 .004545 7
2157587 80 0.008 79.20 80.80 .00792 .00808 7
2157588 80 0.01 79.20 80.80 .0099 .0101 7
2157589 160 0.0025 158.40 161.60 .002475 .002525 7
2157590 160 0.0035 158.40 161.60 .003465 .003535 7
2157591 160 0.008 158.40 161.60 .00792 .00808 7
2157592 160 0.02 158.40 161.60 .0198 .0202 7
2157593 160 0.03 158.40 161.60 .0297 .0303 7
2157594 600 0.009 594.00 606.00 .00891 .00909 7
2157595 600 0.013 594.00 606.00 .01287 .01313 7
2157596 600 0.035 594.00 606.00 .03465 .03535 7
2157597 600 0.07 594.00 606.00 .0693 .0707 7
