2166611 0 0 5. 1000. 0. 1. 1
2166612 6.5 0.00015 6.435 6.565 .0001485 .0001515 1
2166613 6.5 0.00028 6.435 6.565 .0002772 .0002828 1
2166614 6.5 0.0005 6.435 6.565 .000495 .000505 1
2166615 6.5 0.0008 6.435 6.565 .000792 .000808 1
2166616 6.5 0.001 6.435 6.565 .00099 .00101 1
2166617 12 0.0002 11.88 12.12 .000198 .000202 1
2166618 12 0.00043 11.88 12.12 .0004257 .0004343 1
2166619 12 0.00065 11.88 12.12 .0006435 .0006565 1
2166620 12 0.001 11.88 12.12 .00099 .00101 1
2166621 12 0.0015 11.88 12.12 .001485 .001515 1
2166622 12 0.002 11.88 12.12 .00198 .00202 1
2166623 25 0.00043 24.75 25.25 .0004257 .0004343 1
2166624 25 0.0008 24.75 25.25 .000792 .000808 1
2166625 25 0.0015 24.75 25.25 .001485 .001515 1
2166626 25 0.002 24.75 25.25 .00198 .00202 1
2166627 25 0.003 24.75 25.25 .00297 .00303 1
2166628 25 0.004 24.75 25.25 .00396 .00404 1
2166629 30 0.0005 29.70 30.30 .000495 .000505 1
2166630 30 0.001 29.70 30.30 .00099 .00101 1
2166631 30 0.0016 29.70 30.30 .001584 .001616 1
2166632 30 0.0025 29.70 30.30 .002475 .002525 1
2166633 30 0.0045 29.70 30.30 .004455 .004545 1
2166634 80 0.0016 79.20 80.80 .001584 .001616 1
2166635 80 0.0025 79.20 80.80 .002475 .002525 1
2166636 80 0.0045 79.20 80.80 .004455 .004545 1
2166637 80 0.008 79.20 80.80 .00792 .00808 1
2166638 80 0.01 79.20 80.80 .0099 .0101 1
2166639 160 0.0025 158.40 161.60 .002475 .002525 1
2166640 160 0.0035 158.40 161.60 .003465 .003535 1
2166641 160 0.008 158.40 161.60 .00792 .00808 1
2166642 160 0.015 158.40 161.60 .01485 .01515 1
2166643 160 0.02 158.40 161.60 .0198 .0202 1
2166644 160 0.03 158.40 161.60 .0297 .0303 1
2166645 600 0.009 594.00 606.00 .00891 .00909 1
2166646 600 0.013 594.00 606.00 .01287 .01313 1
2166647 600 0.02 594.00 606.00 .0198 .0202 1
2166648 600 0.035 594.00 606.00 .03465 .03535 1
2166649 600 0.07 594.00 606.00 .0693 .0707 1
2166650 0 0 5. 1000. 0. 1. 2
2166651 6.5 0.00015 6.435 6.565 .0001485 .0001515 2
2166652 6.5 0.00028 6.435 6.565 .0002772 .0002828 2
2166653 6.5 0.0005 6.435 6.565 .000495 .000505 2
2166654 6.5 0.0008 6.435 6.565 .000792 .000808 2
2166655 6.5 0.001 6.435 6.565 .00099 .00101 2
2166656 12 0.0002 11.88 12.12 .000198 .000202 2
2166657 12 0.00043 11.88 12.12 .0004257 .0004343 2
2166658 12 0.00065 11.88 12.12 .0006435 .0006565 2
2166659 12 0.001 11.88 12.12 .00099 .00101 2
2166660 12 0.0015 11.88 12.12 .001485 .001515 2
2166661 12 0.002 11.88 12.12 .00198 .00202 2
2166662 25 0.00043 24.75 25.25 .0004257 .0004343 2
2166663 25 0.0008 24.75 25.25 .000792 .000808 2
2166664 25 0.0015 24.75 25.25 .001485 .001515 2
2166665 25 0.002 24.75 25.25 .00198 .00202 2
2166666 25 0.003 24.75 25.25 .00297 .00303 2
2166667 25 0.004 24.75 25.25 .00396 .00404 2
2166668 30 0.0005 29.70 30.30 .000495 .000505 2
2166669 30 0.001 29.70 30.30 .00099 .00101 2
2166670 30 0.0016 29.70 30.30 .001584 .001616 2
2166671 30 0.0025 29.70 30.30 .002475 .002525 2
2166672 30 0.0045 29.70 30.30 .004455 .004545 2
2166673 80 0.0016 79.20 80.80 .001584 .001616 2
2166674 80 0.0025 79.20 80.80 .002475 .002525 2
2166675 80 0.0045 79.20 80.80 .004455 .004545 2
2166676 80 0.008 79.20 80.80 .00792 .00808 2
2166677 80 0.01 79.20 80.80 .0099 .0101 2
2166678 160 0.0025 158.40 161.60 .002475 .002525 2
2166679 160 0.0035 158.40 161.60 .003465 .003535 2
2166680 160 0.008 158.40 161.60 .00792 .00808 2
2166681 160 0.015 158.40 161.60 .01485 .01515 2
2166682 160 0.02 158.40 161.60 .0198 .0202 2
2166683 160 0.03 158.40 161.60 .0297 .0303 2
2166684 600 0.009 594.00 606.00 .00891 .00909 2
2166685 600 0.013 594.00 606.00 .01287 .01313 2
2166686 600 0.02 594.00 606.00 .0198 .0202 2
2166687 600 0.035 594.00 606.00 .03465 .03535 2
2166688 600 0.07 594.00 606.00 .0693 .0707 2
2166689 0 0 5. 1000. 0. 1. 3
2166690 6.5 0.00015 6.435 6.565 .0001485 .0001515 3
2166691 6.5 0.00028 6.435 6.565 .0002772 .0002828 3
2166692 6.5 0.0005 6.435 6.565 .000495 .000505 3
2166693 6.5 0.0008 6.435 6.565 .000792 .000808 3
2166694 6.5 0.001 6.435 6.565 .00099 .00101 3
2166695 12 0.0002 11.88 12.12 .000198 .000202 3
2166696 12 0.00043 11.88 12.12 .0004257 .0004343 3
2166697 12 0.00065 11.88 12.12 .0006435 .0006565 3
2166698 12 0.001 11.88 12.12 .00099 .00101 3
2166699 12 0.0015 11.88 12.12 .001485 .001515 3
2166700 12 0.002 11.88 12.12 .00198 .00202 3
2166701 25 0.00043 24.75 25.25 .0004257 .0004343 3
2166702 25 0.0008 24.75 25.25 .000792 .000808 3
2166703 25 0.0015 24.75 25.25 .001485 .001515 3
2166704 25 0.002 24.75 25.25 .00198 .00202 3
2166705 25 0.003 24.75 25.25 .00297 .00303 3
2166706 25 0.004 24.75 25.25 .00396 .00404 3
2166707 30 0.0005 29.70 30.30 .000495 .000505 3
2166708 30 0.001 29.70 30.30 .00099 .00101 3
2166709 30 0.0016 29.70 30.30 .001584 .001616 3
2166710 30 0.0025 29.70 30.30 .002475 .002525 3
2166711 30 0.0045 29.70 30.30 .004455 .004545 3
2166712 80 0.0016 79.20 80.80 .001584 .001616 3
2166713 80 0.0025 79.20 80.80 .002475 .002525 3
2166714 80 0.0045 79.20 80.80 .004455 .004545 3
2166715 80 0.008 79.20 80.80 .00792 .00808 3
2166716 80 0.01 79.20 80.80 .0099 .0101 3
2166717 160 0.0025 158.40 161.60 .002475 .002525 3
2166718 160 0.0035 158.40 161.60 .003465 .003535 3
2166719 160 0.008 158.40 161.60 .00792 .00808 3
2166720 160 0.015 158.40 161.60 .01485 .01515 3
2166721 160 0.02 158.40 161.60 .0198 .0202 3
2166722 160 0.03 158.40 161.60 .0297 .0303 3
2166723 600 0.009 594.00 606.00 .00891 .00909 3
2166724 600 0.013 594.00 606.00 .01287 .01313 3
2166725 600 0.02 594.00 606.00 .0198 .0202 3
2166726 600 0.035 594.00 606.00 .03465 .03535 3
2166727 600 0.07 594.00 606.00 .0693 .0707 3
2166728 0 0 5. 1000. 0. 1. 4
2166729 6.5 0.00015 6.435 6.565 .0001485 .0001515 4
2166730 6.5 0.00028 6.435 6.565 .0002772 .0002828 4
2166731 6.5 0.0005 6.435 6.565 .000495 .000505 4
2166732 6.5 0.0008 6.435 6.565 .000792 .000808 4
2166733 6.5 0.001 6.435 6.565 .00099 .00101 4
2166734 12 0.0002 11.88 12.12 .000198 .000202 4
2166735 12 0.00043 11.88 12.12 .0004257 .0004343 4
2166736 12 0.00065 11.88 12.12 .0006435 .0006565 4
2166737 12 0.001 11.88 12.12 .00099 .00101 4
2166738 12 0.0015 11.88 12.12 .001485 .001515 4
2166739 12 0.002 11.88 12.12 .00198 .00202 4
2166740 25 0.00043 24.75 25.25 .0004257 .0004343 4
2166741 25 0.0008 24.75 25.25 .000792 .000808 4
2166742 25 0.0015 24.75 25.25 .001485 .001515 4
2166743 25 0.002 24.75 25.25 .00198 .00202 4
2166744 25 0.003 24.75 25.25 .00297 .00303 4
2166745 25 0.004 24.75 25.25 .00396 .00404 4
2166746 30 0.0005 29.70 30.30 .000495 .000505 4
2166747 30 0.001 29.70 30.30 .00099 .00101 4
2166748 30 0.0016 29.70 30.30 .001584 .001616 4
2166749 30 0.0025 29.70 30.30 .002475 .002525 4
2166750 30 0.0045 29.70 30.30 .004455 .004545 4
2166751 80 0.0016 79.20 80.80 .001584 .001616 4
2166752 80 0.0025 79.20 80.80 .002475 .002525 4
2166753 80 0.0045 79.20 80.80 .004455 .004545 4
2166754 80 0.008 79.20 80.80 .00792 .00808 4
2166755 80 0.01 79.20 80.80 .0099 .0101 4
2166756 160 0.0025 158.40 161.60 .002475 .002525 4
2166757 160 0.0035 158.40 161.60 .003465 .003535 4
2166758 160 0.008 158.40 161.60 .00792 .00808 4
2166759 160 0.015 158.40 161.60 .01485 .01515 4
2166760 160 0.02 158.40 161.60 .0198 .0202 4
2166761 160 0.03 158.40 161.60 .0297 .0303 4
2166762 600 0.009 594.00 606.00 .00891 .00909 4
2166763 600 0.013 594.00 606.00 .01287 .01313 4
2166764 600 0.02 594.00 606.00 .0198 .0202 4
2166765 600 0.035 594.00 606.00 .03465 .03535 4
2166766 600 0.07 594.00 606.00 .0693 .0707 4
2166767 0 0 5. 1000. 0. 1. 5
2166768 6.5 0.00015 6.435 6.565 .0001485 .0001515 5
2166769 6.5 0.00028 6.435 6.565 .0002772 .0002828 5
2166770 6.5 0.0005 6.435 6.565 .000495 .000505 5
2166771 6.5 0.0008 6.435 6.565 .000792 .000808 5
2166772 6.5 0.001 6.435 6.565 .00099 .00101 5
2166773 12 0.0002 11.88 12.12 .000198 .000202 5
2166774 12 0.00043 11.88 12.12 .0004257 .0004343 5
2166775 12 0.00065 11.88 12.12 .0006435 .0006565 5
2166776 12 0.001 11.88 12.12 .00099 .00101 5
2166777 12 0.0015 11.88 12.12 .001485 .001515 5
2166778 12 0.002 11.88 12.12 .00198 .00202 5
2166779 25 0.00043 24.75 25.25 .0004257 .0004343 5
2166780 25 0.0008 24.75 25.25 .000792 .000808 5
2166781 25 0.0015 24.75 25.25 .001485 .001515 5
2166782 25 0.002 24.75 25.25 .00198 .00202 5
2166783 25 0.003 24.75 25.25 .00297 .00303 5
2166784 25 0.004 24.75 25.25 .00396 .00404 5
2166785 30 0.0005 29.70 30.30 .000495 .000505 5
2166786 30 0.001 29.70 30.30 .00099 .00101 5
2166787 30 0.0016 29.70 30.30 .001584 .001616 5
2166788 30 0.0025 29.70 30.30 .002475 .002525 5
2166789 30 0.0045 29.70 30.30 .004455 .004545 5
2166790 80 0.0016 79.20 80.80 .001584 .001616 5
2166791 80 0.0025 79.20 80.80 .002475 .002525 5
2166792 80 0.0045 79.20 80.80 .004455 .004545 5
2166793 80 0.008 79.20 80.80 .00792 .00808 5
2166794 80 0.01 79.20 80.80 .0099 .0101 5
2166795 160 0.0025 158.40 161.60 .002475 .002525 5
2166796 160 0.0035 158.40 161.60 .003465 .003535 5
2166797 160 0.008 158.40 161.60 .00792 .00808 5
2166798 160 0.015 158.40 161.60 .01485 .01515 5
2166799 160 0.02 158.40 161.60 .0198 .0202 5
2166800 160 0.03 158.40 161.60 .0297 .0303 5
2166801 600 0.009 594.00 606.00 .00891 .00909 5
2166802 600 0.013 594.00 606.00 .01287 .01313 5
2166803 600 0.02 594.00 606.00 .0198 .0202 5
2166804 600 0.035 594.00 606.00 .03465 .03535 5
2166805 600 0.07 594.00 606.00 .0693 .0707 5
2166806 0 0 5. 1000. 0. 1. 6
2166807 6.5 0.00015 6.435 6.565 .0001485 .0001515 6
2166808 6.5 0.00028 6.435 6.565 .0002772 .0002828 6
2166809 6.5 0.0005 6.435 6.565 .000495 .000505 6
2166810 6.5 0.0008 6.435 6.565 .000792 .000808 6
2166811 6.5 0.001 6.435 6.565 .00099 .00101 6
2166812 12 0.0002 11.88 12.12 .000198 .000202 6
2166813 12 0.00043 11.88 12.12 .0004257 .0004343 6
2166814 12 0.00065 11.88 12.12 .0006435 .0006565 6
2166815 12 0.001 11.88 12.12 .00099 .00101 6
2166816 12 0.0015 11.88 12.12 .001485 .001515 6
2166817 12 0.002 11.88 12.12 .00198 .00202 6
2166818 25 0.00043 24.75 25.25 .0004257 .0004343 6
2166819 25 0.0008 24.75 25.25 .000792 .000808 6
2166820 25 0.0015 24.75 25.25 .001485 .001515 6
2166821 25 0.002 24.75 25.25 .00198 .00202 6
2166822 25 0.003 24.75 25.25 .00297 .00303 6
2166823 25 0.004 24.75 25.25 .00396 .00404 6
2166824 30 0.0005 29.70 30.30 .000495 .000505 6
2166825 30 0.001 29.70 30.30 .00099 .00101 6
2166826 30 0.0016 29.70 30.30 .001584 .001616 6
2166827 30 0.0025 29.70 30.30 .002475 .002525 6
2166828 30 0.0045 29.70 30.30 .004455 .004545 6
2166829 80 0.0016 79.20 80.80 .001584 .001616 6
2166830 80 0.0025 79.20 80.80 .002475 .002525 6
2166831 80 0.0045 79.20 80.80 .004455 .004545 6
2166832 80 0.008 79.20 80.80 .00792 .00808 6
2166833 80 0.01 79.20 80.80 .0099 .0101 6
2166834 160 0.0025 158.40 161.60 .002475 .002525 6
2166835 160 0.0035 158.40 161.60 .003465 .003535 6
2166836 160 0.008 158.40 161.60 .00792 .00808 6
2166837 160 0.015 158.40 161.60 .01485 .01515 6
2166838 160 0.02 158.40 161.60 .0198 .0202 6
2166839 160 0.03 158.40 161.60 .0297 .0303 6
2166840 600 0.009 594.00 606.00 .00891 .00909 6
2166841 600 0.013 594.00 606.00 .01287 .01313 6
2166842 600 0.02 594.00 606.00 .0198 .0202 6
2166843 600 0.035 594.00 606.00 .03465 .03535 6
2166844 600 0.07 594.00 606.00 .0693 .0707 6
2166845 0 0 5. 1000. 0. 1. 7
2166846 6.5 0.00015 6.435 6.565 .0001485 .0001515 7
2166847 6.5 0.00028 6.435 6.565 .0002772 .0002828 7
2166848 6.5 0.0005 6.435 6.565 .000495 .000505 7
2166849 6.5 0.0008 6.435 6.565 .000792 .000808 7
2166850 6.5 0.001 6.435 6.565 .00099 .00101 7
2166851 12 0.0002 11.88 12.12 .000198 .000202 7
2166852 12 0.00043 11.88 12.12 .0004257 .0004343 7
2166853 12 0.00065 11.88 12.12 .0006435 .0006565 7
2166854 12 0.001 11.88 12.12 .00099 .00101 7
2166855 12 0.0015 11.88 12.12 .001485 .001515 7
2166856 12 0.002 11.88 12.12 .00198 .00202 7
2166857 25 0.00043 24.75 25.25 .0004257 .0004343 7
2166858 25 0.0008 24.75 25.25 .000792 .000808 7
2166859 25 0.0015 24.75 25.25 .001485 .001515 7
2166860 25 0.002 24.75 25.25 .00198 .00202 7
2166861 25 0.003 24.75 25.25 .00297 .00303 7
2166862 25 0.004 24.75 25.25 .00396 .00404 7
2166863 30 0.0005 29.70 30.30 .000495 .000505 7
2166864 30 0.001 29.70 30.30 .00099 .00101 7
2166865 30 0.0016 29.70 30.30 .001584 .001616 7
2166866 30 0.0025 29.70 30.30 .002475 .002525 7
2166867 30 0.0045 29.70 30.30 .004455 .004545 7
2166868 80 0.0016 79.20 80.80 .001584 .001616 7
2166869 80 0.0025 79.20 80.80 .002475 .002525 7
2166870 80 0.0045 79.20 80.80 .004455 .004545 7
2166871 80 0.008 79.20 80.80 .00792 .00808 7
2166872 80 0.01 79.20 80.80 .0099 .0101 7
2166873 160 0.0025 158.40 161.60 .002475 .002525 7
2166874 160 0.0035 158.40 161.60 .003465 .003535 7
2166875 160 0.008 158.40 161.60 .00792 .00808 7
2166876 160 0.015 158.40 161.60 .01485 .01515 7
2166877 160 0.02 158.40 161.60 .0198 .0202 7
2166878 160 0.03 158.40 161.60 .0297 .0303 7
2166879 600 0.009 594.00 606.00 .00891 .00909 7
2166880 600 0.013 594.00 606.00 .01287 .01313 7
2166881 600 0.02 594.00 606.00 .0198 .0202 7
2166882 600 0.035 594.00 606.00 .03465 .03535 7
2166883 600 0.07 594.00 606.00 .0693 .0707 7
