2155488 0 0 5. 1000. 0. 1. 1
2155489 6.5 0.00015 6.435 6.565 .0001485 .0001515 1
2155490 6.5 0.00028 6.435 6.565 .0002772 .0002828 1
2155491 6.5 0.0005 6.435 6.565 .000495 .000505 1
2155492 6.5 0.0008 6.435 6.565 .000792 .000808 1
2155493 6.5 0.001 6.435 6.565 .00099 .00101 1
2155494 6.5 0.0015 6.435 6.565 .001485 .001515 1
2155495 12 0.0002 11.88 12.12 .000198 .000202 1
2155496 12 0.00043 11.88 12.12 .0004257 .0004343 1
2155497 12 0.00065 11.88 12.12 .0006435 .0006565 1
2155498 12 0.001 11.88 12.12 .00099 .00101 1
2155499 12 0.002 11.88 12.12 .00198 .00202 1
2155500 25 0.00043 24.75 25.25 .0004257 .0004343 1
2155501 25 0.0008 24.75 25.25 .000792 .000808 1
2155502 25 0.002 24.75 25.25 .00198 .00202 1
2155503 25 0.005 24.75 25.25 .00495 .00505 1
2155504 30 0.0005 29.70 30.30 .000495 .000505 1
2155505 30 0.0016 29.70 30.30 .001584 .001616 1
2155506 30 0.0025 29.70 30.30 .002475 .002525 1
2155507 30 0.0045 29.70 30.30 .004455 .004545 1
2155508 30 0.008 29.70 30.30 .00792 .00808 1
2155509 80 0.0016 79.20 80.80 .001584 .001616 1
2155510 80 0.0025 79.20 80.80 .002475 .002525 1
2155511 80 0.0045 79.20 80.80 .004455 .004545 1
2155512 80 0.008 79.20 80.80 .00792 .00808 1
2155513 80 0.01 79.20 80.80 .0099 .0101 1
2155514 80 0.02 79.20 80.80 .0198 .0202 1
2155515 160 0.0025 158.40 161.60 .002475 .002525 1
2155516 160 0.0035 158.40 161.60 .003465 .003535 1
2155517 160 0.008 158.40 161.60 .00792 .00808 1
2155518 160 0.02 158.40 161.60 .0198 .0202 1
2155519 160 0.04 158.40 161.60 .0396 .0404 1
2155520 600 0.009 594.00 606.00 .00891 .00909 1
2155521 600 0.013 594.00 606.00 .01287 .01313 1
2155522 600 0.035 594.00 606.00 .03465 .03535 1
2155523 600 0.07 594.00 606.00 .0693 .0707 1
2155524 0 0 5. 1000. 0. 1. 2
2155525 6.5 0.00015 6.435 6.565 .0001485 .0001515 2
2155526 6.5 0.00028 6.435 6.565 .0002772 .0002828 2
2155527 6.5 0.0005 6.435 6.565 .000495 .000505 2
2155528 6.5 0.0008 6.435 6.565 .000792 .000808 2
2155529 6.5 0.001 6.435 6.565 .00099 .00101 2
2155530 6.5 0.0015 6.435 6.565 .001485 .001515 2
2155531 12 0.0002 11.88 12.12 .000198 .000202 2
2155532 12 0.00043 11.88 12.12 .0004257 .0004343 2
2155533 12 0.00065 11.88 12.12 .0006435 .0006565 2
2155534 12 0.001 11.88 12.12 .00099 .00101 2
2155535 12 0.002 11.88 12.12 .00198 .00202 2
2155536 25 0.00043 24.75 25.25 .0004257 .0004343 2
2155537 25 0.0008 24.75 25.25 .000792 .000808 2
2155538 25 0.002 24.75 25.25 .00198 .00202 2
2155539 25 0.005 24.75 25.25 .00495 .00505 2
2155540 30 0.0005 29.70 30.30 .000495 .000505 2
2155541 30 0.0016 29.70 30.30 .001584 .001616 2
2155542 30 0.0025 29.70 30.30 .002475 .002525 2
2155543 30 0.0045 29.70 30.30 .004455 .004545 2
2155544 30 0.008 29.70 30.30 .00792 .00808 2
2155545 80 0.0016 79.20 80.80 .001584 .001616 2
2155546 80 0.0025 79.20 80.80 .002475 .002525 2
2155547 80 0.0045 79.20 80.80 .004455 .004545 2
2155548 80 0.008 79.20 80.80 .00792 .00808 2
2155549 80 0.01 79.20 80.80 .0099 .0101 2
2155550 80 0.02 79.20 80.80 .0198 .0202 2
2155551 160 0.0025 158.40 161.60 .002475 .002525 2
2155552 160 0.0035 158.40 161.60 .003465 .003535 2
2155553 160 0.008 158.40 161.60 .00792 .00808 2
2155554 160 0.02 158.40 161.60 .0198 .0202 2
2155555 160 0.04 158.40 161.60 .0396 .0404 2
2155556 600 0.009 594.00 606.00 .00891 .00909 2
2155557 600 0.013 594.00 606.00 .01287 .01313 2
2155558 600 0.035 594.00 606.00 .03465 .03535 2
2155559 600 0.07 594.00 606.00 .0693 .0707 2
2155560 0 0 5. 1000. 0. 1. 3
2155561 6.5 0.00015 6.435 6.565 .0001485 .0001515 3
2155562 6.5 0.00028 6.435 6.565 .0002772 .0002828 3
2155563 6.5 0.0005 6.435 6.565 .000495 .000505 3
2155564 6.5 0.0008 6.435 6.565 .000792 .000808 3
2155565 6.5 0.001 6.435 6.565 .00099 .00101 3
2155566 6.5 0.0015 6.435 6.565 .001485 .001515 3
2155567 12 0.0002 11.88 12.12 .000198 .000202 3
2155568 12 0.00043 11.88 12.12 .0004257 .0004343 3
2155569 12 0.00065 11.88 12.12 .0006435 .0006565 3
2155570 12 0.001 11.88 12.12 .00099 .00101 3
2155571 12 0.002 11.88 12.12 .00198 .00202 3
2155572 25 0.00043 24.75 25.25 .0004257 .0004343 3
2155573 25 0.0008 24.75 25.25 .000792 .000808 3
2155574 25 0.002 24.75 25.25 .00198 .00202 3
2155575 25 0.005 24.75 25.25 .00495 .00505 3
2155576 30 0.0005 29.70 30.30 .000495 .000505 3
2155577 30 0.0016 29.70 30.30 .001584 .001616 3
2155578 30 0.0025 29.70 30.30 .002475 .002525 3
2155579 30 0.0045 29.70 30.30 .004455 .004545 3
2155580 30 0.008 29.70 30.30 .00792 .00808 3
2155581 80 0.0016 79.20 80.80 .001584 .001616 3
2155582 80 0.0025 79.20 80.80 .002475 .002525 3
2155583 80 0.0045 79.20 80.80 .004455 .004545 3
2155584 80 0.008 79.20 80.80 .00792 .00808 3
2155585 80 0.01 79.20 80.80 .0099 .0101 3
2155586 80 0.02 79.20 80.80 .0198 .0202 3
2155587 160 0.0025 158.40 161.60 .002475 .002525 3
2155588 160 0.0035 158.40 161.60 .003465 .003535 3
2155589 160 0.008 158.40 161.60 .00792 .00808 3
2155590 160 0.02 158.40 161.60 .0198 .0202 3
2155591 160 0.04 158.40 161.60 .0396 .0404 3
2155592 600 0.009 594.00 606.00 .00891 .00909 3
2155593 600 0.013 594.00 606.00 .01287 .01313 3
2155594 600 0.035 594.00 606.00 .03465 .03535 3
2155595 600 0.07 594.00 606.00 .0693 .0707 3
2155596 0 0 5. 1000. 0. 1. 4
2155597 6.5 0.00015 6.435 6.565 .0001485 .0001515 4
2155598 6.5 0.00028 6.435 6.565 .0002772 .0002828 4
2155599 6.5 0.0005 6.435 6.565 .000495 .000505 4
2155600 6.5 0.0008 6.435 6.565 .000792 .000808 4
2155601 6.5 0.001 6.435 6.565 .00099 .00101 4
2155602 6.5 0.0015 6.435 6.565 .001485 .001515 4
2155603 12 0.0002 11.88 12.12 .000198 .000202 4
2155604 12 0.00043 11.88 12.12 .0004257 .0004343 4
2155605 12 0.00065 11.88 12.12 .0006435 .0006565 4
2155606 12 0.001 11.88 12.12 .00099 .00101 4
2155607 12 0.002 11.88 12.12 .00198 .00202 4
2155608 25 0.00043 24.75 25.25 .0004257 .0004343 4
2155609 25 0.0008 24.75 25.25 .000792 .000808 4
2155610 25 0.002 24.75 25.25 .00198 .00202 4
2155611 25 0.005 24.75 25.25 .00495 .00505 4
2155612 30 0.0005 29.70 30.30 .000495 .000505 4
2155613 30 0.0016 29.70 30.30 .001584 .001616 4
2155614 30 0.0025 29.70 30.30 .002475 .002525 4
2155615 30 0.0045 29.70 30.30 .004455 .004545 4
2158594 30 0.008 29.70 30.30 .00792 .00808 4
2155617 80 0.0016 79.20 80.80 .001584 .001616 4
2155618 80 0.0025 79.20 80.80 .002475 .002525 4
2155619 80 0.0045 79.20 80.80 .004455 .004545 4
2155620 80 0.008 79.20 80.80 .00792 .00808 4
2155621 80 0.01 79.20 80.80 .0099 .0101 4
2155622 80 0.02 79.20 80.80 .0198 .0202 4
2155623 160 0.0025 158.40 161.60 .002475 .002525 4
2155624 160 0.0035 158.40 161.60 .003465 .003535 4
2155625 160 0.008 158.40 161.60 .00792 .00808 4
2155626 160 0.02 158.40 161.60 .0198 .0202 4
2155627 160 0.04 158.40 161.60 .0396 .0404 4
2155628 600 0.009 594.00 606.00 .00891 .00909 4
2155629 600 0.013 594.00 606.00 .01287 .01313 4
2158595 600 0.035 594.00 606.00 .03465 .03535 4
2155631 600 0.07 594.00 606.00 .0693 .0707 4
2155632 0 0 5. 1000. 0. 1. 5
2155633 6.5 0.00015 6.435 6.565 .0001485 .0001515 5
2155634 6.5 0.00028 6.435 6.565 .0002772 .0002828 5
2155635 6.5 0.0005 6.435 6.565 .000495 .000505 5
2155636 6.5 0.0008 6.435 6.565 .000792 .000808 5
2155637 6.5 0.001 6.435 6.565 .00099 .00101 5
2155638 6.5 0.0015 6.435 6.565 .001485 .001515 5
2155639 12 0.0002 11.88 12.12 .000198 .000202 5
2155640 12 0.00043 11.88 12.12 .0004257 .0004343 5
2155641 12 0.00065 11.88 12.12 .0006435 .0006565 5
2155642 12 0.001 11.88 12.12 .00099 .00101 5
2155643 12 0.002 11.88 12.12 .00198 .00202 5
2155644 25 0.00043 24.75 25.25 .0004257 .0004343 5
2155645 25 0.0008 24.75 25.25 .000792 .000808 5
2155646 25 0.002 24.75 25.25 .00198 .00202 5
2155647 25 0.005 24.75 25.25 .00495 .00505 5
2155648 30 0.0005 29.70 30.30 .000495 .000505 5
2155649 30 0.0016 29.70 30.30 .001584 .001616 5
2155650 30 0.0025 29.70 30.30 .002475 .002525 5
2155651 30 0.0045 29.70 30.30 .004455 .004545 5
2158596 30 0.008 29.70 30.30 .00792 .00808 5
2155653 80 0.0016 79.20 80.80 .001584 .001616 5
2155654 80 0.0025 79.20 80.80 .002475 .002525 5
2155655 80 0.0045 79.20 80.80 .004455 .004545 5
2155656 80 0.008 79.20 80.80 .00792 .00808 5
2155657 80 0.01 79.20 80.80 .0099 .0101 5
2155658 80 0.02 79.20 80.80 .0198 .0202 5
2155659 160 0.0025 158.40 161.60 .002475 .002525 5
2155660 160 0.0035 158.40 161.60 .003465 .003535 5
2155661 160 0.008 158.40 161.60 .00792 .00808 5
2155662 160 0.02 158.40 161.60 .0198 .0202 5
2155663 160 0.04 158.40 161.60 .0396 .0404 5
2155664 600 0.009 594.00 606.00 .00891 .00909 5
2155665 600 0.013 594.00 606.00 .01287 .01313 5
2155666 600 0.035 594.00 606.00 .03465 .03535 5
2155667 600 0.07 594.00 606.00 .0693 .0707 5
2155668 0 0 5. 1000. 0. 1. 6
2155669 6.5 0.00015 6.435 6.565 .0001485 .0001515 6
2155670 6.5 0.00028 6.435 6.565 .0002772 .0002828 6
2155671 6.5 0.0005 6.435 6.565 .000495 .000505 6
2155672 6.5 0.0008 6.435 6.565 .000792 .000808 6
2155673 6.5 0.001 6.435 6.565 .00099 .00101 6
2155674 6.5 0.0015 6.435 6.565 .001485 .001515 6
2155675 12 0.0002 11.88 12.12 .000198 .000202 6
2155676 12 0.00043 11.88 12.12 .0004257 .0004343 6
2155677 12 0.00065 11.88 12.12 .0006435 .0006565 6
2155678 12 0.001 11.88 12.12 .00099 .00101 6
2155679 12 0.002 11.88 12.12 .00198 .00202 6
2155680 25 0.00043 24.75 25.25 .0004257 .0004343 6
2155681 25 0.0008 24.75 25.25 .000792 .000808 6
2155682 25 0.002 24.75 25.25 .00198 .00202 6
2155683 25 0.005 24.75 25.25 .00495 .00505 6
2155684 30 0.0005 29.70 30.30 .000495 .000505 6
2155685 30 0.0016 29.70 30.30 .001584 .001616 6
2155686 30 0.0025 29.70 30.30 .002475 .002525 6
2155687 30 0.0045 29.70 30.30 .004455 .004545 6
2155688 30 0.008 29.70 30.30 .00792 .00808 6
2155689 80 0.0016 79.20 80.80 .001584 .001616 6
2155690 80 0.0025 79.20 80.80 .002475 .002525 6
2155691 80 0.0045 79.20 80.80 .004455 .004545 6
2155692 80 0.008 79.20 80.80 .00792 .00808 6
2155693 80 0.01 79.20 80.80 .0099 .0101 6
2155694 80 0.02 79.20 80.80 .0198 .0202 6
2155695 160 0.0025 158.40 161.60 .002475 .002525 6
2155696 160 0.0035 158.40 161.60 .003465 .003535 6
2155697 160 0.008 158.40 161.60 .00792 .00808 6
2155698 160 0.02 158.40 161.60 .0198 .0202 6
2155699 160 0.04 158.40 161.60 .0396 .0404 6
2155700 600 0.009 594.00 606.00 .00891 .00909 6
2155701 600 0.013 594.00 606.00 .01287 .01313 6
2155702 600 0.035 594.00 606.00 .03465 .03535 6
2155703 600 0.07 594.00 606.00 .0693 .0707 6
2155704 0 0 5. 1000. 0. 1. 7
2155705 6.5 0.00015 6.435 6.565 .0001485 .0001515 7
2155706 6.5 0.00028 6.435 6.565 .0002772 .0002828 7
2155707 6.5 0.0005 6.435 6.565 .000495 .000505 7
2155708 6.5 0.0008 6.435 6.565 .000792 .000808 7
2155709 6.5 0.001 6.435 6.565 .00099 .00101 7
2155710 6.5 0.0015 6.435 6.565 .001485 .001515 7
2155711 12 0.0002 11.88 12.12 .000198 .000202 7
2155712 12 0.00043 11.88 12.12 .0004257 .0004343 7
2155713 12 0.00065 11.88 12.12 .0006435 .0006565 7
2155714 12 0.001 11.88 12.12 .00099 .00101 7
2155715 12 0.002 11.88 12.12 .00198 .00202 7
2155716 25 0.00043 24.75 25.25 .0004257 .0004343 7
2155717 25 0.0008 24.75 25.25 .000792 .000808 7
2155718 25 0.002 24.75 25.25 .00198 .00202 7
2155719 25 0.005 24.75 25.25 .00495 .00505 7
2155720 30 0.0005 29.70 30.30 .000495 .000505 7
2155721 30 0.0016 29.70 30.30 .001584 .001616 7
2155722 30 0.0025 29.70 30.30 .002475 .002525 7
2155723 30 0.0045 29.70 30.30 .004455 .004545 7
2155724 30 0.008 29.70 30.30 .00792 .00808 7
2155725 80 0.0016 79.20 80.80 .001584 .001616 7
2155726 80 0.0025 79.20 80.80 .002475 .002525 7
2155727 80 0.0045 79.20 80.80 .004455 .004545 7
2155728 80 0.008 79.20 80.80 .00792 .00808 7
2155729 80 0.01 79.20 80.80 .0099 .0101 7
2155730 80 0.02 79.20 80.80 .0198 .0202 7
2155731 160 0.0025 158.40 161.60 .002475 .002525 7
2155732 160 0.0035 158.40 161.60 .003465 .003535 7
2155733 160 0.008 158.40 161.60 .00792 .00808 7
2155734 160 0.02 158.40 161.60 .0198 .0202 7
2155735 160 0.04 158.40 161.60 .0396 .0404 7
2155736 600 0.009 594.00 606.00 .00891 .00909 7
2155737 600 0.013 594.00 606.00 .01287 .01313 7
2155738 600 0.035 594.00 606.00 .03465 .03535 7
2155739 600 0.07 594.00 606.00 .0693 .0707 7
