6.5     0.00015
6.5     0.00028
6.5     0.0005
6.5     0.0008
6.5     0.001

12      0.0002
12      0.00043
12      0.00065
12      0.001
12      0.0015
12      0.002

25      0.00043
25      0.0008
25      0.0015
25      0.002
25      0.003
25      0.004

30      0.0005
30      0.001
30      0.0016
30      0.0025
30      0.0045

80      0.0016
80      0.0025
80      0.0045
80      0.008
80      0.01

160     0.0025
160     0.0035
160     0.008
160     0.015
160     0.02
160     0.03

600     0.009
600     0.013
600     0.02
600     0.035
600     0.07
