2.5     0.00003
2.5     0.00007
2.5     0.00013
2.5     0.00018
2.5     0.00035

5.0     0.00007
5.0     0.00018
5.0     0.00035
5.0     0.00100

7.0     0.00013
7.0     0.00018
7.0     0.00030
7.0     0.00050
7.0     0.00080
7.0     0.00160

12.0    0.00022
12.0    0.00032
12.0    0.00050
12.0    0.00080
12.0    0.00150
12.0    0.00300

18.0    0.00035
18.0    0.00050
18.0    0.00080
18.0    0.00135
18.0    0.00250
18.0    0.00450

32.0    0.00060
32.0    0.00080
32.0    0.00140
32.0    0.00240
32.0    0.00320
32.0    0.00550
32.0    0.00800

60.0    0.00140
60.0    0.00200
60.0    0.00320
60.0    0.00500
60.0    0.00800
60.0    0.01500

120.0   0.00200
120.0   0.00320
120.0   0.00550
120.0   0.01000
120.0   0.02500

200.0   0.00500
200.0   0.01300

350.0   0.01000
350.0   0.02500

650.0   0.01300
650.0   0.03200

2000.0  0.05000
