   0.1000E+01   0.1300E-03   0.2800E-03   0.2423E-03
   0.1041E+01   0.1300E-03   0.2986E-03   0.2588E-03
   0.1084E+01   0.1300E-03   0.3184E-03   0.2763E-03
   0.1128E+01   0.1300E-03   0.3393E-03   0.2948E-03
   0.1175E+01   0.1300E-03   0.3616E-03   0.3146E-03
   0.1223E+01   0.1300E-03   0.3852E-03   0.3355E-03
   0.1273E+01   0.1300E-03   0.4102E-03   0.3578E-03
   0.1325E+01   0.1300E-03   0.4367E-03   0.3814E-03
   0.1380E+01   0.1300E-03   0.4649E-03   0.4064E-03
   0.1436E+01   0.1300E-03   0.4946E-03   0.4329E-03
   0.1495E+01   0.1300E-03   0.5262E-03   0.4611E-03
   0.1557E+01   0.1300E-03   0.5596E-03   0.4909E-03
   0.1621E+01   0.1300E-03   0.5949E-03   0.5225E-03
   0.1687E+01   0.1300E-03   0.6324E-03   0.5559E-03
   0.1756E+01   0.1300E-03   0.6720E-03   0.5914E-03
   0.1828E+01   0.1300E-03   0.7139E-03   0.6289E-03
   0.1904E+01   0.1300E-03   0.7583E-03   0.6687E-03
   0.1982E+01   0.1300E-03   0.8053E-03   0.7108E-03
   0.2063E+01   0.1300E-03   0.8549E-03   0.7553E-03
   0.2148E+01   0.1300E-03   0.9074E-03   0.8025E-03
   0.2236E+01   0.1300E-03   0.9629E-03   0.8524E-03
   0.2328E+01   0.1300E-03   0.1022E-02   0.9051E-03
   0.2423E+01   0.1300E-03   0.1084E-02   0.9609E-03
   0.2523E+01   0.1300E-03   0.1149E-02   0.1020E-02
   0.2626E+01   0.1300E-03   0.1218E-02   0.1082E-02
   0.2734E+01   0.1300E-03   0.1291E-02   0.1148E-02
   0.2846E+01   0.1300E-03   0.1369E-02   0.1218E-02
   0.2963E+01   0.1300E-03   0.1450E-02   0.1292E-02
   0.3085E+01   0.1300E-03   0.1537E-02   0.1369E-02
   0.3212E+01   0.1300E-03   0.1627E-02   0.1452E-02
   0.3343E+01   0.1300E-03   0.1723E-02   0.1538E-02
   0.3481E+01   0.1300E-03   0.1824E-02   0.1630E-02
   0.3624E+01   0.1300E-03   0.1931E-02   0.1726E-02
   0.3772E+01   0.1300E-03   0.2043E-02   0.1828E-02
   0.3927E+01   0.1300E-03   0.2162E-02   0.1936E-02
   0.4088E+01   0.1300E-03   0.2287E-02   0.2049E-02
   0.4256E+01   0.1300E-03   0.2419E-02   0.2169E-02
   0.4431E+01   0.1300E-03   0.2558E-02   0.2295E-02
   0.4613E+01   0.1300E-03   0.2705E-02   0.2428E-02
   0.4802E+01   0.1300E-03   0.2859E-02   0.2569E-02
   0.4999E+01   0.1300E-03   0.3021E-02   0.2716E-02
   0.5205E+01   0.1300E-03   0.3193E-02   0.2872E-02
   0.5418E+01   0.1300E-03   0.3373E-02   0.3036E-02
   0.5641E+01   0.1300E-03   0.3562E-02   0.3208E-02
   0.5872E+01   0.1300E-03   0.3761E-02   0.3390E-02
   0.6113E+01   0.1300E-03   0.3971E-02   0.3582E-02
   0.6364E+01   0.1300E-03   0.4192E-02   0.3783E-02
   0.6626E+01   0.1300E-03   0.4423E-02   0.3994E-02
   0.6898E+01   0.1300E-03   0.4667E-02   0.4217E-02
   0.7181E+01   0.1300E-03   0.4922E-02   0.4450E-02
   0.7476E+01   0.1300E-03   0.5191E-02   0.4696E-02
   0.7783E+01   0.1300E-03   0.5473E-02   0.4954E-02
   0.8102E+01   0.1300E-03   0.5769E-02   0.5225E-02
   0.8435E+01   0.1300E-03   0.6080E-02   0.5510E-02
   0.8781E+01   0.1300E-03   0.6406E-02   0.5809E-02
   0.9141E+01   0.1300E-03   0.6748E-02   0.6122E-02
   0.9517E+01   0.1300E-03   0.7106E-02   0.6451E-02
   0.9907E+01   0.1300E-03   0.7481E-02   0.6796E-02
   0.1031E+02   0.1300E-03   0.7874E-02   0.7156E-02
   0.1074E+02   0.1300E-03   0.8286E-02   0.7535E-02
   0.1118E+02   0.1300E-03   0.8718E-02   0.7932E-02
   0.1164E+02   0.1300E-03   0.9171E-02   0.8348E-02
   0.1212E+02   0.1300E-03   0.9645E-02   0.8784E-02
   0.1261E+02   0.1300E-03   0.1014E-01   0.9241E-02
   0.1313E+02   0.1300E-03   0.1066E-01   0.9720E-02
   0.1367E+02   0.1300E-03   0.1120E-01   0.1022E-01
   0.1423E+02   0.1300E-03   0.1177E-01   0.1074E-01
   0.1481E+02   0.1300E-03   0.1236E-01   0.1129E-01
   0.1542E+02   0.1300E-03   0.1298E-01   0.1186E-01
   0.1606E+02   0.1300E-03   0.1362E-01   0.1246E-01
   0.1672E+02   0.1300E-03   0.1430E-01   0.1308E-01
   0.1740E+02   0.1300E-03   0.1500E-01   0.1373E-01
   0.1812E+02   0.1300E-03   0.1573E-01   0.1441E-01
   0.1886E+02   0.1300E-03   0.1650E-01   0.1511E-01
   0.1963E+02   0.1300E-03   0.1729E-01   0.1585E-01
   0.2044E+02   0.1300E-03   0.1812E-01   0.1662E-01
   0.2128E+02   0.1300E-03   0.1898E-01   0.1741E-01
   0.2215E+02   0.1300E-03   0.1987E-01   0.1824E-01
   0.2306E+02   0.1300E-03   0.2080E-01   0.1910E-01
   0.2401E+02   0.1300E-03   0.2177E-01   0.2000E-01
   0.2499E+02   0.1300E-03   0.2277E-01   0.2093E-01
   0.2602E+02   0.1300E-03   0.2381E-01   0.2190E-01
   0.2709E+02   0.1300E-03   0.2489E-01   0.2290E-01
   0.2820E+02   0.1300E-03   0.2602E-01   0.2395E-01
   0.2936E+02   0.1300E-03   0.2718E-01   0.2503E-01
   0.3056E+02   0.1300E-03   0.2838E-01   0.2614E-01
   0.3182E+02   0.1300E-03   0.2962E-01   0.2730E-01
   0.3312E+02   0.1300E-03   0.3091E-01   0.2850E-01
   0.3448E+02   0.1300E-03   0.3224E-01   0.2975E-01
   0.3590E+02   0.1300E-03   0.3362E-01   0.3103E-01
   0.3737E+02   0.1300E-03   0.3504E-01   0.3236E-01
   0.3891E+02   0.1300E-03   0.3651E-01   0.3373E-01
   0.4051E+02   0.1300E-03   0.3803E-01   0.3515E-01
   0.4217E+02   0.1300E-03   0.3960E-01   0.3661E-01
   0.4390E+02   0.1300E-03   0.4122E-01   0.3812E-01
   0.4570E+02   0.1300E-03   0.4288E-01   0.3968E-01
   0.4758E+02   0.1300E-03   0.4460E-01   0.4128E-01
   0.4953E+02   0.1300E-03   0.4636E-01   0.4293E-01
   0.5156E+02   0.1300E-03   0.4818E-01   0.4463E-01
   0.5368E+02   0.1300E-03   0.5004E-01   0.4637E-01
   0.5589E+02   0.1300E-03   0.5196E-01   0.4816E-01
   0.5818E+02   0.1300E-03   0.5392E-01   0.4999E-01
   0.6057E+02   0.1300E-03   0.5594E-01   0.5187E-01
   0.6305E+02   0.1300E-03   0.5800E-01   0.5379E-01
   0.6564E+02   0.1300E-03   0.6012E-01   0.5577E-01
   0.6834E+02   0.1300E-03   0.6228E-01   0.5779E-01
   0.7114E+02   0.1300E-03   0.6450E-01   0.5987E-01
   0.7406E+02   0.1300E-03   0.6676E-01   0.6199E-01
   0.7710E+02   0.1300E-03   0.6907E-01   0.6415E-01
   0.8027E+02   0.1300E-03   0.7143E-01   0.6636E-01
   0.8357E+02   0.1300E-03   0.7386E-01   0.6862E-01
   0.8700E+02   0.1300E-03   0.7632E-01   0.7092E-01
   0.9057E+02   0.1300E-03   0.7884E-01   0.7326E-01
   0.9429E+02   0.1300E-03   0.8140E-01   0.7564E-01
   0.9816E+02   0.1300E-03   0.8403E-01   0.7810E-01
   0.1022E+03   0.1300E-03   0.8671E-01   0.8060E-01
   0.1064E+03   0.1300E-03   0.8944E-01   0.8314E-01
   0.1107E+03   0.1300E-03   0.9222E-01   0.8572E-01
   0.1153E+03   0.1300E-03   0.9503E-01   0.8833E-01
   0.1200E+03   0.1300E-03   0.9788E-01   0.9098E-01
   0.1250E+03   0.1300E-03   0.1007E+00   0.9364E-01
   0.1301E+03   0.1300E-03   0.1036E+00   0.9633E-01
   0.1354E+03   0.1300E-03   0.1066E+00   0.9904E-01
   0.1410E+03   0.1300E-03   0.1096E+00   0.1018E+00
   0.1468E+03   0.1300E-03   0.1126E+00   0.1046E+00
   0.1528E+03   0.1300E-03   0.1157E+00   0.1075E+00
   0.1591E+03   0.1300E-03   0.1189E+00   0.1105E+00
   0.1656E+03   0.1300E-03   0.1221E+00   0.1134E+00
   0.1724E+03   0.1300E-03   0.1253E+00   0.1164E+00
   0.1795E+03   0.1300E-03   0.1285E+00   0.1194E+00
   0.1868E+03   0.1300E-03   0.1318E+00   0.1224E+00
   0.1945E+03   0.1300E-03   0.1351E+00   0.1254E+00
   0.2025E+03   0.1300E-03   0.1384E+00   0.1284E+00
   0.2108E+03   0.1300E-03   0.1418E+00   0.1315E+00
   0.2195E+03   0.1300E-03   0.1452E+00   0.1346E+00
   0.2285E+03   0.1300E-03   0.1486E+00   0.1378E+00
   0.2379E+03   0.1300E-03   0.1520E+00   0.1409E+00
   0.2476E+03   0.1300E-03   0.1555E+00   0.1441E+00
   0.2578E+03   0.1300E-03   0.1590E+00   0.1473E+00
   0.2684E+03   0.1300E-03   0.1626E+00   0.1505E+00
   0.2794E+03   0.1300E-03   0.1661E+00   0.1538E+00
   0.2909E+03   0.1300E-03   0.1697E+00   0.1570E+00
   0.3028E+03   0.1300E-03   0.1733E+00   0.1603E+00
   0.3152E+03   0.1300E-03   0.1770E+00   0.1636E+00
   0.3282E+03   0.1300E-03   0.1806E+00   0.1669E+00
   0.3416E+03   0.1300E-03   0.1843E+00   0.1702E+00
   0.3557E+03   0.1300E-03   0.1879E+00   0.1735E+00
   0.3703E+03   0.1300E-03   0.1916E+00   0.1768E+00
   0.3855E+03   0.1300E-03   0.1953E+00   0.1802E+00
   0.4013E+03   0.1300E-03   0.1990E+00   0.1835E+00
   0.4178E+03   0.1300E-03   0.2028E+00   0.1869E+00
   0.4349E+03   0.1300E-03   0.2065E+00   0.1903E+00
   0.4528E+03   0.1300E-03   0.2104E+00   0.1937E+00
   0.4714E+03   0.1300E-03   0.2142E+00   0.1971E+00
   0.4907E+03   0.1300E-03   0.2180E+00   0.2006E+00
   0.5109E+03   0.1300E-03   0.2218E+00   0.2040E+00
   0.5318E+03   0.1300E-03   0.2257E+00   0.2074E+00
   0.5537E+03   0.1300E-03   0.2295E+00   0.2107E+00
   0.5764E+03   0.1300E-03   0.2333E+00   0.2141E+00
   0.6001E+03   0.1300E-03   0.2371E+00   0.2175E+00
   0.6247E+03   0.1300E-03   0.2409E+00   0.2210E+00
   0.6504E+03   0.1300E-03   0.2448E+00   0.2244E+00
   0.6771E+03   0.1300E-03   0.2487E+00   0.2279E+00
   0.7048E+03   0.1300E-03   0.2526E+00   0.2313E+00
   0.7338E+03   0.1300E-03   0.2566E+00   0.2348E+00
   0.7639E+03   0.1300E-03   0.2605E+00   0.2382E+00
   0.7953E+03   0.1300E-03   0.2644E+00   0.2416E+00
   0.8279E+03   0.1300E-03   0.2682E+00   0.2451E+00
   0.8619E+03   0.1300E-03   0.2721E+00   0.2485E+00
   0.8973E+03   0.1300E-03   0.2760E+00   0.2519E+00
   0.9341E+03   0.1300E-03   0.2799E+00   0.2554E+00
   0.9725E+03   0.1300E-03   0.2839E+00   0.2589E+00
   0.1012E+04   0.1300E-03   0.2879E+00   0.2623E+00
   0.1054E+04   0.1300E-03   0.2919E+00   0.2658E+00
   0.1097E+04   0.1300E-03   0.2959E+00   0.2693E+00
   0.1142E+04   0.1300E-03   0.2999E+00   0.2727E+00
   0.1189E+04   0.1300E-03   0.3038E+00   0.2762E+00
   0.1238E+04   0.1300E-03   0.3077E+00   0.2796E+00
   0.1289E+04   0.1300E-03   0.3117E+00   0.2831E+00
   0.1342E+04   0.1300E-03   0.3156E+00   0.2866E+00
   0.1397E+04   0.1300E-03   0.3195E+00   0.2900E+00
   0.1454E+04   0.1300E-03   0.3236E+00   0.2935E+00
   0.1514E+04   0.1300E-03   0.3276E+00   0.2970E+00
   0.1576E+04   0.1300E-03   0.3317E+00   0.3005E+00
   0.1641E+04   0.1300E-03   0.3357E+00   0.3040E+00
   0.1708E+04   0.1300E-03   0.3397E+00   0.3074E+00
   0.1778E+04   0.1300E-03   0.3437E+00   0.3109E+00
   0.1851E+04   0.1300E-03   0.3476E+00   0.3143E+00
   0.1927E+04   0.1300E-03   0.3515E+00   0.3177E+00
   0.2006E+04   0.1300E-03   0.3554E+00   0.3212E+00
   0.2089E+04   0.1300E-03   0.3594E+00   0.3247E+00
   0.2174E+04   0.1300E-03   0.3635E+00   0.3281E+00
   0.2264E+04   0.1300E-03   0.3675E+00   0.3316E+00
   0.2357E+04   0.1300E-03   0.3716E+00   0.3351E+00
   0.2453E+04   0.1300E-03   0.3757E+00   0.3386E+00
   0.2554E+04   0.1300E-03   0.3797E+00   0.3421E+00
   0.2659E+04   0.1300E-03   0.3837E+00   0.3456E+00
   0.2768E+04   0.1300E-03   0.3877E+00   0.3490E+00
   0.2882E+04   0.1300E-03   0.3916E+00   0.3525E+00
   0.3000E+04   0.1300E-03   0.3956E+00   0.3560E+00
   0.1000E+01   0.2000E-03   0.2094E-03   0.1783E-03
   0.1041E+01   0.2000E-03   0.2242E-03   0.1912E-03
   0.1084E+01   0.2000E-03   0.2399E-03   0.2049E-03
   0.1128E+01   0.2000E-03   0.2567E-03   0.2196E-03
   0.1175E+01   0.2000E-03   0.2745E-03   0.2352E-03
   0.1223E+01   0.2000E-03   0.2934E-03   0.2518E-03
   0.1273E+01   0.2000E-03   0.3135E-03   0.2694E-03
   0.1325E+01   0.2000E-03   0.3348E-03   0.2882E-03
   0.1380E+01   0.2000E-03   0.3574E-03   0.3082E-03
   0.1436E+01   0.2000E-03   0.3815E-03   0.3294E-03
   0.1495E+01   0.2000E-03   0.4070E-03   0.3519E-03
   0.1557E+01   0.2000E-03   0.4340E-03   0.3758E-03
   0.1621E+01   0.2000E-03   0.4627E-03   0.4012E-03
   0.1687E+01   0.2000E-03   0.4932E-03   0.4281E-03
   0.1756E+01   0.2000E-03   0.5254E-03   0.4567E-03
   0.1828E+01   0.2000E-03   0.5596E-03   0.4871E-03
   0.1904E+01   0.2000E-03   0.5959E-03   0.5193E-03
   0.1982E+01   0.2000E-03   0.6343E-03   0.5535E-03
   0.2063E+01   0.2000E-03   0.6750E-03   0.5898E-03
   0.2148E+01   0.2000E-03   0.7181E-03   0.6282E-03
   0.2236E+01   0.2000E-03   0.7638E-03   0.6689E-03
   0.2328E+01   0.2000E-03   0.8121E-03   0.7120E-03
   0.2423E+01   0.2000E-03   0.8632E-03   0.7576E-03
   0.2523E+01   0.2000E-03   0.9172E-03   0.8060E-03
   0.2626E+01   0.2000E-03   0.9744E-03   0.8571E-03
   0.2734E+01   0.2000E-03   0.1035E-02   0.9113E-03
   0.2846E+01   0.2000E-03   0.1099E-02   0.9686E-03
   0.2963E+01   0.2000E-03   0.1166E-02   0.1029E-02
   0.3085E+01   0.2000E-03   0.1238E-02   0.1093E-02
   0.3212E+01   0.2000E-03   0.1313E-02   0.1161E-02
   0.3343E+01   0.2000E-03   0.1393E-02   0.1233E-02
   0.3481E+01   0.2000E-03   0.1477E-02   0.1309E-02
   0.3624E+01   0.2000E-03   0.1566E-02   0.1388E-02
   0.3772E+01   0.2000E-03   0.1660E-02   0.1473E-02
   0.3927E+01   0.2000E-03   0.1758E-02   0.1562E-02
   0.4088E+01   0.2000E-03   0.1863E-02   0.1656E-02
   0.4256E+01   0.2000E-03   0.1973E-02   0.1756E-02
   0.4431E+01   0.2000E-03   0.2089E-02   0.1861E-02
   0.4613E+01   0.2000E-03   0.2212E-02   0.1972E-02
   0.4802E+01   0.2000E-03   0.2341E-02   0.2088E-02
   0.4999E+01   0.2000E-03   0.2477E-02   0.2211E-02
   0.5205E+01   0.2000E-03   0.2620E-02   0.2341E-02
   0.5418E+01   0.2000E-03   0.2771E-02   0.2478E-02
   0.5641E+01   0.2000E-03   0.2930E-02   0.2622E-02
   0.5872E+01   0.2000E-03   0.3098E-02   0.2774E-02
   0.6113E+01   0.2000E-03   0.3274E-02   0.2934E-02
   0.6364E+01   0.2000E-03   0.3460E-02   0.3103E-02
   0.6626E+01   0.2000E-03   0.3655E-02   0.3281E-02
   0.6898E+01   0.2000E-03   0.3860E-02   0.3467E-02
   0.7181E+01   0.2000E-03   0.4076E-02   0.3664E-02
   0.7476E+01   0.2000E-03   0.4303E-02   0.3870E-02
   0.7783E+01   0.2000E-03   0.4541E-02   0.4087E-02
   0.8102E+01   0.2000E-03   0.4791E-02   0.4316E-02
   0.8435E+01   0.2000E-03   0.5054E-02   0.4556E-02
   0.8781E+01   0.2000E-03   0.5331E-02   0.4808E-02
   0.9141E+01   0.2000E-03   0.5621E-02   0.5073E-02
   0.9517E+01   0.2000E-03   0.5925E-02   0.5351E-02
   0.9907E+01   0.2000E-03   0.6243E-02   0.5642E-02
   0.1031E+02   0.2000E-03   0.6577E-02   0.5948E-02
   0.1074E+02   0.2000E-03   0.6927E-02   0.6268E-02
   0.1118E+02   0.2000E-03   0.7293E-02   0.6604E-02
   0.1164E+02   0.2000E-03   0.7677E-02   0.6956E-02
   0.1212E+02   0.2000E-03   0.8078E-02   0.7324E-02
   0.1261E+02   0.2000E-03   0.8499E-02   0.7710E-02
   0.1313E+02   0.2000E-03   0.8939E-02   0.8115E-02
   0.1367E+02   0.2000E-03   0.9400E-02   0.8538E-02
   0.1423E+02   0.2000E-03   0.9880E-02   0.8980E-02
   0.1481E+02   0.2000E-03   0.1038E-01   0.9442E-02
   0.1542E+02   0.2000E-03   0.1091E-01   0.9925E-02
   0.1606E+02   0.2000E-03   0.1146E-01   0.1043E-01
   0.1672E+02   0.2000E-03   0.1203E-01   0.1096E-01
   0.1740E+02   0.2000E-03   0.1263E-01   0.1151E-01
   0.1812E+02   0.2000E-03   0.1325E-01   0.1208E-01
   0.1886E+02   0.2000E-03   0.1390E-01   0.1268E-01
   0.1963E+02   0.2000E-03   0.1458E-01   0.1331E-01
   0.2044E+02   0.2000E-03   0.1529E-01   0.1396E-01
   0.2128E+02   0.2000E-03   0.1602E-01   0.1464E-01
   0.2215E+02   0.2000E-03   0.1678E-01   0.1535E-01
   0.2306E+02   0.2000E-03   0.1757E-01   0.1608E-01
   0.2401E+02   0.2000E-03   0.1840E-01   0.1685E-01
   0.2499E+02   0.2000E-03   0.1926E-01   0.1764E-01
   0.2602E+02   0.2000E-03   0.2015E-01   0.1846E-01
   0.2709E+02   0.2000E-03   0.2107E-01   0.1932E-01
   0.2820E+02   0.2000E-03   0.2203E-01   0.2021E-01
   0.2936E+02   0.2000E-03   0.2302E-01   0.2113E-01
   0.3056E+02   0.2000E-03   0.2405E-01   0.2209E-01
   0.3182E+02   0.2000E-03   0.2511E-01   0.2307E-01
   0.3312E+02   0.2000E-03   0.2621E-01   0.2410E-01
   0.3448E+02   0.2000E-03   0.2735E-01   0.2515E-01
   0.3590E+02   0.2000E-03   0.2852E-01   0.2624E-01
   0.3737E+02   0.2000E-03   0.2973E-01   0.2737E-01
   0.3891E+02   0.2000E-03   0.3099E-01   0.2854E-01
   0.4051E+02   0.2000E-03   0.3228E-01   0.2974E-01
   0.4217E+02   0.2000E-03   0.3362E-01   0.3099E-01
   0.4390E+02   0.2000E-03   0.3500E-01   0.3228E-01
   0.4570E+02   0.2000E-03   0.3643E-01   0.3361E-01
   0.4758E+02   0.2000E-03   0.3789E-01   0.3497E-01
   0.4953E+02   0.2000E-03   0.3940E-01   0.3638E-01
   0.5156E+02   0.2000E-03   0.4095E-01   0.3783E-01
   0.5368E+02   0.2000E-03   0.4254E-01   0.3931E-01
   0.5589E+02   0.2000E-03   0.4417E-01   0.4084E-01
   0.5818E+02   0.2000E-03   0.4585E-01   0.4240E-01
   0.6057E+02   0.2000E-03   0.4757E-01   0.4401E-01
   0.6305E+02   0.2000E-03   0.4934E-01   0.4565E-01
   0.6564E+02   0.2000E-03   0.5114E-01   0.4733E-01
   0.6834E+02   0.2000E-03   0.5300E-01   0.4906E-01
   0.7114E+02   0.2000E-03   0.5490E-01   0.5083E-01
   0.7406E+02   0.2000E-03   0.5683E-01   0.5264E-01
   0.7710E+02   0.2000E-03   0.5881E-01   0.5448E-01
   0.8027E+02   0.2000E-03   0.6083E-01   0.5636E-01
   0.8357E+02   0.2000E-03   0.6288E-01   0.5828E-01
   0.8700E+02   0.2000E-03   0.6497E-01   0.6023E-01
   0.9057E+02   0.2000E-03   0.6710E-01   0.6221E-01
   0.9429E+02   0.2000E-03   0.6928E-01   0.6424E-01
   0.9816E+02   0.2000E-03   0.7152E-01   0.6633E-01
   0.1022E+03   0.2000E-03   0.7380E-01   0.6846E-01
   0.1064E+03   0.2000E-03   0.7612E-01   0.7062E-01
   0.1107E+03   0.2000E-03   0.7848E-01   0.7281E-01
   0.1153E+03   0.2000E-03   0.8087E-01   0.7504E-01
   0.1200E+03   0.2000E-03   0.8330E-01   0.7729E-01
   0.1250E+03   0.2000E-03   0.8575E-01   0.7957E-01
   0.1301E+03   0.2000E-03   0.8824E-01   0.8186E-01
   0.1354E+03   0.2000E-03   0.9075E-01   0.8418E-01
   0.1410E+03   0.2000E-03   0.9329E-01   0.8653E-01
   0.1468E+03   0.2000E-03   0.9588E-01   0.8893E-01
   0.1528E+03   0.2000E-03   0.9850E-01   0.9136E-01
   0.1591E+03   0.2000E-03   0.1011E+00   0.9381E-01
   0.1656E+03   0.2000E-03   0.1038E+00   0.9631E-01
   0.1724E+03   0.2000E-03   0.1066E+00   0.9882E-01
   0.1795E+03   0.2000E-03   0.1093E+00   0.1014E+00
   0.1868E+03   0.2000E-03   0.1121E+00   0.1039E+00
   0.1945E+03   0.2000E-03   0.1149E+00   0.1065E+00
   0.2025E+03   0.2000E-03   0.1177E+00   0.1090E+00
   0.2108E+03   0.2000E-03   0.1206E+00   0.1117E+00
   0.2195E+03   0.2000E-03   0.1235E+00   0.1143E+00
   0.2285E+03   0.2000E-03   0.1264E+00   0.1170E+00
   0.2379E+03   0.2000E-03   0.1293E+00   0.1197E+00
   0.2476E+03   0.2000E-03   0.1322E+00   0.1223E+00
   0.2578E+03   0.2000E-03   0.1351E+00   0.1250E+00
   0.2684E+03   0.2000E-03   0.1381E+00   0.1277E+00
   0.2794E+03   0.2000E-03   0.1411E+00   0.1304E+00
   0.2909E+03   0.2000E-03   0.1441E+00   0.1332E+00
   0.3028E+03   0.2000E-03   0.1471E+00   0.1359E+00
   0.3152E+03   0.2000E-03   0.1502E+00   0.1387E+00
   0.3282E+03   0.2000E-03   0.1533E+00   0.1415E+00
   0.3416E+03   0.2000E-03   0.1564E+00   0.1443E+00
   0.3557E+03   0.2000E-03   0.1595E+00   0.1471E+00
   0.3703E+03   0.2000E-03   0.1626E+00   0.1499E+00
   0.3855E+03   0.2000E-03   0.1657E+00   0.1527E+00
   0.4013E+03   0.2000E-03   0.1688E+00   0.1555E+00
   0.4178E+03   0.2000E-03   0.1719E+00   0.1583E+00
   0.4349E+03   0.2000E-03   0.1750E+00   0.1612E+00
   0.4528E+03   0.2000E-03   0.1782E+00   0.1640E+00
   0.4714E+03   0.2000E-03   0.1814E+00   0.1669E+00
   0.4907E+03   0.2000E-03   0.1846E+00   0.1698E+00
   0.5109E+03   0.2000E-03   0.1878E+00   0.1726E+00
   0.5318E+03   0.2000E-03   0.1911E+00   0.1755E+00
   0.5537E+03   0.2000E-03   0.1943E+00   0.1784E+00
   0.5764E+03   0.2000E-03   0.1975E+00   0.1812E+00
   0.6001E+03   0.2000E-03   0.2007E+00   0.1841E+00
   0.6247E+03   0.2000E-03   0.2038E+00   0.1869E+00
   0.6504E+03   0.2000E-03   0.2070E+00   0.1898E+00
   0.6771E+03   0.2000E-03   0.2103E+00   0.1926E+00
   0.7048E+03   0.2000E-03   0.2135E+00   0.1955E+00
   0.7338E+03   0.2000E-03   0.2168E+00   0.1984E+00
   0.7639E+03   0.2000E-03   0.2200E+00   0.2013E+00
   0.7953E+03   0.2000E-03   0.2233E+00   0.2041E+00
   0.8279E+03   0.2000E-03   0.2266E+00   0.2070E+00
   0.8619E+03   0.2000E-03   0.2298E+00   0.2099E+00
   0.8973E+03   0.2000E-03   0.2330E+00   0.2127E+00
   0.9341E+03   0.2000E-03   0.2362E+00   0.2156E+00
   0.9725E+03   0.2000E-03   0.2395E+00   0.2184E+00
   0.1012E+04   0.2000E-03   0.2428E+00   0.2213E+00
   0.1054E+04   0.2000E-03   0.2461E+00   0.2242E+00
   0.1097E+04   0.2000E-03   0.2494E+00   0.2271E+00
   0.1142E+04   0.2000E-03   0.2527E+00   0.2299E+00
   0.1189E+04   0.2000E-03   0.2560E+00   0.2328E+00
   0.1238E+04   0.2000E-03   0.2593E+00   0.2357E+00
   0.1289E+04   0.2000E-03   0.2625E+00   0.2386E+00
   0.1342E+04   0.2000E-03   0.2657E+00   0.2414E+00
   0.1397E+04   0.2000E-03   0.2690E+00   0.2443E+00
   0.1454E+04   0.2000E-03   0.2723E+00   0.2472E+00
   0.1514E+04   0.2000E-03   0.2756E+00   0.2500E+00
   0.1576E+04   0.2000E-03   0.2789E+00   0.2529E+00
   0.1641E+04   0.2000E-03   0.2822E+00   0.2558E+00
   0.1708E+04   0.2000E-03   0.2855E+00   0.2586E+00
   0.1778E+04   0.2000E-03   0.2888E+00   0.2615E+00
   0.1851E+04   0.2000E-03   0.2921E+00   0.2644E+00
   0.1927E+04   0.2000E-03   0.2953E+00   0.2672E+00
   0.2006E+04   0.2000E-03   0.2985E+00   0.2701E+00
   0.2089E+04   0.2000E-03   0.3017E+00   0.2729E+00
   0.2174E+04   0.2000E-03   0.3051E+00   0.2757E+00
   0.2264E+04   0.2000E-03   0.3084E+00   0.2786E+00
   0.2357E+04   0.2000E-03   0.3117E+00   0.2814E+00
   0.2453E+04   0.2000E-03   0.3150E+00   0.2843E+00
   0.2554E+04   0.2000E-03   0.3183E+00   0.2872E+00
   0.2659E+04   0.2000E-03   0.3216E+00   0.2901E+00
   0.2768E+04   0.2000E-03   0.3249E+00   0.2929E+00
   0.2882E+04   0.2000E-03   0.3281E+00   0.2958E+00
   0.3000E+04   0.2000E-03   0.3313E+00   0.2986E+00
   0.1000E+01   0.5000E-03   0.9310E-04   0.7523E-04
   0.1041E+01   0.5000E-03   0.1011E-03   0.8191E-04
   0.1084E+01   0.5000E-03   0.1097E-03   0.8911E-04
   0.1128E+01   0.5000E-03   0.1189E-03   0.9685E-04
   0.1175E+01   0.5000E-03   0.1287E-03   0.1052E-03
   0.1223E+01   0.5000E-03   0.1393E-03   0.1141E-03
   0.1273E+01   0.5000E-03   0.1506E-03   0.1237E-03
   0.1325E+01   0.5000E-03   0.1627E-03   0.1340E-03
   0.1380E+01   0.5000E-03   0.1757E-03   0.1450E-03
   0.1436E+01   0.5000E-03   0.1896E-03   0.1568E-03
   0.1495E+01   0.5000E-03   0.2044E-03   0.1695E-03
   0.1557E+01   0.5000E-03   0.2202E-03   0.1830E-03
   0.1621E+01   0.5000E-03   0.2371E-03   0.1975E-03
   0.1687E+01   0.5000E-03   0.2552E-03   0.2131E-03
   0.1756E+01   0.5000E-03   0.2744E-03   0.2296E-03
   0.1828E+01   0.5000E-03   0.2949E-03   0.2473E-03
   0.1904E+01   0.5000E-03   0.3168E-03   0.2662E-03
   0.1982E+01   0.5000E-03   0.3401E-03   0.2863E-03
   0.2063E+01   0.5000E-03   0.3649E-03   0.3078E-03
   0.2148E+01   0.5000E-03   0.3913E-03   0.3307E-03
   0.2236E+01   0.5000E-03   0.4193E-03   0.3551E-03
   0.2328E+01   0.5000E-03   0.4492E-03   0.3811E-03
   0.2423E+01   0.5000E-03   0.4809E-03   0.4088E-03
   0.2523E+01   0.5000E-03   0.5146E-03   0.4383E-03
   0.2626E+01   0.5000E-03   0.5504E-03   0.4696E-03
   0.2734E+01   0.5000E-03   0.5885E-03   0.5029E-03
   0.2846E+01   0.5000E-03   0.6289E-03   0.5384E-03
   0.2963E+01   0.5000E-03   0.6718E-03   0.5761E-03
   0.3085E+01   0.5000E-03   0.7173E-03   0.6161E-03
   0.3212E+01   0.5000E-03   0.7655E-03   0.6585E-03
   0.3343E+01   0.5000E-03   0.8165E-03   0.7035E-03
   0.3481E+01   0.5000E-03   0.8707E-03   0.7513E-03
   0.3624E+01   0.5000E-03   0.9280E-03   0.8020E-03
   0.3772E+01   0.5000E-03   0.9887E-03   0.8557E-03
   0.3927E+01   0.5000E-03   0.1053E-02   0.9126E-03
   0.4088E+01   0.5000E-03   0.1121E-02   0.9729E-03
   0.4256E+01   0.5000E-03   0.1193E-02   0.1037E-02
   0.4431E+01   0.5000E-03   0.1269E-02   0.1105E-02
   0.4613E+01   0.5000E-03   0.1350E-02   0.1176E-02
   0.4802E+01   0.5000E-03   0.1435E-02   0.1252E-02
   0.4999E+01   0.5000E-03   0.1524E-02   0.1332E-02
   0.5205E+01   0.5000E-03   0.1619E-02   0.1417E-02
   0.5418E+01   0.5000E-03   0.1720E-02   0.1506E-02
   0.5641E+01   0.5000E-03   0.1825E-02   0.1601E-02
   0.5872E+01   0.5000E-03   0.1937E-02   0.1701E-02
   0.6113E+01   0.5000E-03   0.2055E-02   0.1806E-02
   0.6364E+01   0.5000E-03   0.2179E-02   0.1918E-02
   0.6626E+01   0.5000E-03   0.2310E-02   0.2035E-02
   0.6898E+01   0.5000E-03   0.2447E-02   0.2159E-02
   0.7181E+01   0.5000E-03   0.2593E-02   0.2290E-02
   0.7476E+01   0.5000E-03   0.2745E-02   0.2427E-02
   0.7783E+01   0.5000E-03   0.2906E-02   0.2572E-02
   0.8102E+01   0.5000E-03   0.3076E-02   0.2725E-02
   0.8435E+01   0.5000E-03   0.3254E-02   0.2886E-02
   0.8781E+01   0.5000E-03   0.3441E-02   0.3055E-02
   0.9141E+01   0.5000E-03   0.3638E-02   0.3233E-02
   0.9517E+01   0.5000E-03   0.3845E-02   0.3421E-02
   0.9907E+01   0.5000E-03   0.4062E-02   0.3617E-02
   0.1031E+02   0.5000E-03   0.4290E-02   0.3824E-02
   0.1074E+02   0.5000E-03   0.4529E-02   0.4041E-02
   0.1118E+02   0.5000E-03   0.4780E-02   0.4269E-02
   0.1164E+02   0.5000E-03   0.5044E-02   0.4508E-02
   0.1212E+02   0.5000E-03   0.5320E-02   0.4759E-02
   0.1261E+02   0.5000E-03   0.5610E-02   0.5023E-02
   0.1313E+02   0.5000E-03   0.5913E-02   0.5299E-02
   0.1367E+02   0.5000E-03   0.6232E-02   0.5589E-02
   0.1423E+02   0.5000E-03   0.6564E-02   0.5892E-02
   0.1481E+02   0.5000E-03   0.6911E-02   0.6209E-02
   0.1542E+02   0.5000E-03   0.7274E-02   0.6541E-02
   0.1606E+02   0.5000E-03   0.7654E-02   0.6888E-02
   0.1672E+02   0.5000E-03   0.8051E-02   0.7251E-02
   0.1740E+02   0.5000E-03   0.8465E-02   0.7631E-02
   0.1812E+02   0.5000E-03   0.8898E-02   0.8027E-02
   0.1886E+02   0.5000E-03   0.9349E-02   0.8441E-02
   0.1963E+02   0.5000E-03   0.9820E-02   0.8873E-02
   0.2044E+02   0.5000E-03   0.1031E-01   0.9323E-02
   0.2128E+02   0.5000E-03   0.1082E-01   0.9791E-02
   0.2215E+02   0.5000E-03   0.1135E-01   0.1028E-01
   0.2306E+02   0.5000E-03   0.1190E-01   0.1078E-01
   0.2401E+02   0.5000E-03   0.1247E-01   0.1131E-01
   0.2499E+02   0.5000E-03   0.1307E-01   0.1186E-01
   0.2602E+02   0.5000E-03   0.1369E-01   0.1243E-01
   0.2709E+02   0.5000E-03   0.1433E-01   0.1303E-01
   0.2820E+02   0.5000E-03   0.1500E-01   0.1364E-01
   0.2936E+02   0.5000E-03   0.1570E-01   0.1429E-01
   0.3056E+02   0.5000E-03   0.1642E-01   0.1495E-01
   0.3182E+02   0.5000E-03   0.1716E-01   0.1564E-01
   0.3312E+02   0.5000E-03   0.1793E-01   0.1635E-01
   0.3448E+02   0.5000E-03   0.1873E-01   0.1709E-01
   0.3590E+02   0.5000E-03   0.1955E-01   0.1785E-01
   0.3737E+02   0.5000E-03   0.2041E-01   0.1864E-01
   0.3891E+02   0.5000E-03   0.2129E-01   0.1946E-01
   0.4051E+02   0.5000E-03   0.2219E-01   0.2030E-01
   0.4217E+02   0.5000E-03   0.2313E-01   0.2117E-01
   0.4390E+02   0.5000E-03   0.2410E-01   0.2207E-01
   0.4570E+02   0.5000E-03   0.2510E-01   0.2299E-01
   0.4758E+02   0.5000E-03   0.2612E-01   0.2395E-01
   0.4953E+02   0.5000E-03   0.2717E-01   0.2492E-01
   0.5156E+02   0.5000E-03   0.2825E-01   0.2593E-01
   0.5368E+02   0.5000E-03   0.2936E-01   0.2696E-01
   0.5589E+02   0.5000E-03   0.3049E-01   0.2801E-01
   0.5818E+02   0.5000E-03   0.3167E-01   0.2910E-01
   0.6057E+02   0.5000E-03   0.3287E-01   0.3022E-01
   0.6305E+02   0.5000E-03   0.3410E-01   0.3137E-01
   0.6564E+02   0.5000E-03   0.3537E-01   0.3255E-01
   0.6834E+02   0.5000E-03   0.3667E-01   0.3376E-01
   0.7114E+02   0.5000E-03   0.3800E-01   0.3499E-01
   0.7406E+02   0.5000E-03   0.3935E-01   0.3626E-01
   0.7710E+02   0.5000E-03   0.4074E-01   0.3755E-01
   0.8027E+02   0.5000E-03   0.4215E-01   0.3887E-01
   0.8357E+02   0.5000E-03   0.4359E-01   0.4021E-01
   0.8700E+02   0.5000E-03   0.4506E-01   0.4157E-01
   0.9057E+02   0.5000E-03   0.4655E-01   0.4295E-01
   0.9429E+02   0.5000E-03   0.4806E-01   0.4436E-01
   0.9816E+02   0.5000E-03   0.4961E-01   0.4580E-01
   0.1022E+03   0.5000E-03   0.5118E-01   0.4727E-01
   0.1064E+03   0.5000E-03   0.5278E-01   0.4875E-01
   0.1107E+03   0.5000E-03   0.5441E-01   0.5027E-01
   0.1153E+03   0.5000E-03   0.5606E-01   0.5181E-01
   0.1200E+03   0.5000E-03   0.5775E-01   0.5337E-01
   0.1250E+03   0.5000E-03   0.5945E-01   0.5496E-01
   0.1301E+03   0.5000E-03   0.6118E-01   0.5655E-01
   0.1354E+03   0.5000E-03   0.6291E-01   0.5816E-01
   0.1410E+03   0.5000E-03   0.6468E-01   0.5980E-01
   0.1468E+03   0.5000E-03   0.6649E-01   0.6147E-01
   0.1528E+03   0.5000E-03   0.6831E-01   0.6317E-01
   0.1591E+03   0.5000E-03   0.7015E-01   0.6487E-01
   0.1656E+03   0.5000E-03   0.7200E-01   0.6659E-01
   0.1724E+03   0.5000E-03   0.7387E-01   0.6831E-01
   0.1795E+03   0.5000E-03   0.7574E-01   0.7003E-01
   0.1868E+03   0.5000E-03   0.7762E-01   0.7177E-01
   0.1945E+03   0.5000E-03   0.7952E-01   0.7352E-01
   0.2025E+03   0.5000E-03   0.8143E-01   0.7528E-01
   0.2108E+03   0.5000E-03   0.8340E-01   0.7709E-01
   0.2195E+03   0.5000E-03   0.8538E-01   0.7892E-01
   0.2285E+03   0.5000E-03   0.8738E-01   0.8075E-01
   0.2379E+03   0.5000E-03   0.8938E-01   0.8259E-01
   0.2476E+03   0.5000E-03   0.9139E-01   0.8444E-01
   0.2578E+03   0.5000E-03   0.9340E-01   0.8629E-01
   0.2684E+03   0.5000E-03   0.9543E-01   0.8814E-01
   0.2794E+03   0.5000E-03   0.9745E-01   0.8999E-01
   0.2909E+03   0.5000E-03   0.9947E-01   0.9183E-01
   0.3028E+03   0.5000E-03   0.1015E+00   0.9369E-01
   0.3152E+03   0.5000E-03   0.1036E+00   0.9556E-01
   0.3282E+03   0.5000E-03   0.1056E+00   0.9746E-01
   0.3416E+03   0.5000E-03   0.1077E+00   0.9937E-01
   0.3557E+03   0.5000E-03   0.1098E+00   0.1013E+00
   0.3703E+03   0.5000E-03   0.1119E+00   0.1032E+00
   0.3855E+03   0.5000E-03   0.1140E+00   0.1051E+00
   0.4013E+03   0.5000E-03   0.1161E+00   0.1070E+00
   0.4178E+03   0.5000E-03   0.1182E+00   0.1089E+00
   0.4349E+03   0.5000E-03   0.1203E+00   0.1108E+00
   0.4528E+03   0.5000E-03   0.1224E+00   0.1127E+00
   0.4714E+03   0.5000E-03   0.1246E+00   0.1146E+00
   0.4907E+03   0.5000E-03   0.1267E+00   0.1165E+00
   0.5109E+03   0.5000E-03   0.1288E+00   0.1185E+00
   0.5318E+03   0.5000E-03   0.1310E+00   0.1204E+00
   0.5537E+03   0.5000E-03   0.1331E+00   0.1223E+00
   0.5764E+03   0.5000E-03   0.1352E+00   0.1242E+00
   0.6001E+03   0.5000E-03   0.1373E+00   0.1261E+00
   0.6247E+03   0.5000E-03   0.1395E+00   0.1281E+00
   0.6504E+03   0.5000E-03   0.1416E+00   0.1300E+00
   0.6771E+03   0.5000E-03   0.1437E+00   0.1319E+00
   0.7048E+03   0.5000E-03   0.1459E+00   0.1338E+00
   0.7338E+03   0.5000E-03   0.1480E+00   0.1357E+00
   0.7639E+03   0.5000E-03   0.1501E+00   0.1375E+00
   0.7953E+03   0.5000E-03   0.1523E+00   0.1395E+00
   0.8279E+03   0.5000E-03   0.1544E+00   0.1414E+00
   0.8619E+03   0.5000E-03   0.1565E+00   0.1433E+00
   0.8973E+03   0.5000E-03   0.1586E+00   0.1452E+00
   0.9341E+03   0.5000E-03   0.1607E+00   0.1471E+00
   0.9725E+03   0.5000E-03   0.1629E+00   0.1490E+00
   0.1012E+04   0.5000E-03   0.1650E+00   0.1508E+00
   0.1054E+04   0.5000E-03   0.1672E+00   0.1527E+00
   0.1097E+04   0.5000E-03   0.1693E+00   0.1546E+00
   0.1142E+04   0.5000E-03   0.1714E+00   0.1564E+00
   0.1189E+04   0.5000E-03   0.1736E+00   0.1583E+00
   0.1238E+04   0.5000E-03   0.1757E+00   0.1602E+00
   0.1289E+04   0.5000E-03   0.1778E+00   0.1621E+00
   0.1342E+04   0.5000E-03   0.1799E+00   0.1640E+00
   0.1397E+04   0.5000E-03   0.1820E+00   0.1659E+00
   0.1454E+04   0.5000E-03   0.1841E+00   0.1677E+00
   0.1514E+04   0.5000E-03   0.1862E+00   0.1696E+00
   0.1576E+04   0.5000E-03   0.1884E+00   0.1715E+00
   0.1641E+04   0.5000E-03   0.1905E+00   0.1733E+00
   0.1708E+04   0.5000E-03   0.1926E+00   0.1752E+00
   0.1778E+04   0.5000E-03   0.1947E+00   0.1770E+00
   0.1851E+04   0.5000E-03   0.1968E+00   0.1789E+00
   0.1927E+04   0.5000E-03   0.1989E+00   0.1807E+00
   0.2006E+04   0.5000E-03   0.2009E+00   0.1826E+00
   0.2089E+04   0.5000E-03   0.2030E+00   0.1844E+00
   0.2174E+04   0.5000E-03   0.2051E+00   0.1862E+00
   0.2264E+04   0.5000E-03   0.2072E+00   0.1881E+00
   0.2357E+04   0.5000E-03   0.2093E+00   0.1899E+00
   0.2453E+04   0.5000E-03   0.2114E+00   0.1917E+00
   0.2554E+04   0.5000E-03   0.2135E+00   0.1935E+00
   0.2659E+04   0.5000E-03   0.2156E+00   0.1954E+00
   0.2768E+04   0.5000E-03   0.2176E+00   0.1972E+00
   0.2882E+04   0.5000E-03   0.2196E+00   0.1991E+00
   0.3000E+04   0.5000E-03   0.2217E+00   0.2009E+00
   0.1000E+01   0.1300E-02   0.2330E-04   0.1718E-04
   0.1041E+01   0.1300E-02   0.2615E-04   0.1937E-04
   0.1084E+01   0.1300E-02   0.2928E-04   0.2179E-04
   0.1128E+01   0.1300E-02   0.3272E-04   0.2446E-04
   0.1175E+01   0.1300E-02   0.3649E-04   0.2741E-04
   0.1223E+01   0.1300E-02   0.4062E-04   0.3065E-04
   0.1273E+01   0.1300E-02   0.4514E-04   0.3420E-04
   0.1325E+01   0.1300E-02   0.5007E-04   0.3810E-04
   0.1380E+01   0.1300E-02   0.5546E-04   0.4238E-04
   0.1436E+01   0.1300E-02   0.6133E-04   0.4706E-04
   0.1495E+01   0.1300E-02   0.6771E-04   0.5217E-04
   0.1557E+01   0.1300E-02   0.7465E-04   0.5774E-04
   0.1621E+01   0.1300E-02   0.8219E-04   0.6382E-04
   0.1687E+01   0.1300E-02   0.9036E-04   0.7043E-04
   0.1756E+01   0.1300E-02   0.9921E-04   0.7761E-04
   0.1828E+01   0.1300E-02   0.1088E-03   0.8541E-04
   0.1904E+01   0.1300E-02   0.1191E-03   0.9386E-04
   0.1982E+01   0.1300E-02   0.1303E-03   0.1030E-03
   0.2063E+01   0.1300E-02   0.1423E-03   0.1129E-03
   0.2148E+01   0.1300E-02   0.1553E-03   0.1236E-03
   0.2236E+01   0.1300E-02   0.1693E-03   0.1351E-03
   0.2328E+01   0.1300E-02   0.1843E-03   0.1476E-03
   0.2423E+01   0.1300E-02   0.2005E-03   0.1610E-03
   0.2523E+01   0.1300E-02   0.2178E-03   0.1755E-03
   0.2626E+01   0.1300E-02   0.2364E-03   0.1911E-03
   0.2734E+01   0.1300E-02   0.2564E-03   0.2078E-03
   0.2846E+01   0.1300E-02   0.2778E-03   0.2258E-03
   0.2963E+01   0.1300E-02   0.3008E-03   0.2451E-03
   0.3085E+01   0.1300E-02   0.3253E-03   0.2659E-03
   0.3212E+01   0.1300E-02   0.3515E-03   0.2881E-03
   0.3343E+01   0.1300E-02   0.3796E-03   0.3119E-03
   0.3481E+01   0.1300E-02   0.4095E-03   0.3373E-03
   0.3624E+01   0.1300E-02   0.4414E-03   0.3646E-03
   0.3772E+01   0.1300E-02   0.4755E-03   0.3937E-03
   0.3927E+01   0.1300E-02   0.5119E-03   0.4248E-03
   0.4088E+01   0.1300E-02   0.5506E-03   0.4580E-03
   0.4256E+01   0.1300E-02   0.5919E-03   0.4935E-03
   0.4431E+01   0.1300E-02   0.6358E-03   0.5313E-03
   0.4613E+01   0.1300E-02   0.6825E-03   0.5716E-03
   0.4802E+01   0.1300E-02   0.7322E-03   0.6145E-03
   0.4999E+01   0.1300E-02   0.7849E-03   0.6602E-03
   0.5205E+01   0.1300E-02   0.8409E-03   0.7088E-03
   0.5418E+01   0.1300E-02   0.9003E-03   0.7604E-03
   0.5641E+01   0.1300E-02   0.9633E-03   0.8153E-03
   0.5872E+01   0.1300E-02   0.1030E-02   0.8735E-03
   0.6113E+01   0.1300E-02   0.1101E-02   0.9353E-03
   0.6364E+01   0.1300E-02   0.1176E-02   0.1001E-02
   0.6626E+01   0.1300E-02   0.1255E-02   0.1071E-02
   0.6898E+01   0.1300E-02   0.1339E-02   0.1144E-02
   0.7181E+01   0.1300E-02   0.1428E-02   0.1222E-02
   0.7476E+01   0.1300E-02   0.1522E-02   0.1305E-02
   0.7783E+01   0.1300E-02   0.1621E-02   0.1393E-02
   0.8102E+01   0.1300E-02   0.1726E-02   0.1485E-02
   0.8435E+01   0.1300E-02   0.1837E-02   0.1583E-02
   0.8781E+01   0.1300E-02   0.1954E-02   0.1686E-02
   0.9141E+01   0.1300E-02   0.2077E-02   0.1796E-02
   0.9517E+01   0.1300E-02   0.2206E-02   0.1911E-02
   0.9907E+01   0.1300E-02   0.2343E-02   0.2032E-02
   0.1031E+02   0.1300E-02   0.2487E-02   0.2160E-02
   0.1074E+02   0.1300E-02   0.2638E-02   0.2295E-02
   0.1118E+02   0.1300E-02   0.2798E-02   0.2438E-02
   0.1164E+02   0.1300E-02   0.2965E-02   0.2587E-02
   0.1212E+02   0.1300E-02   0.3141E-02   0.2745E-02
   0.1261E+02   0.1300E-02   0.3326E-02   0.2911E-02
   0.1313E+02   0.1300E-02   0.3520E-02   0.3085E-02
   0.1367E+02   0.1300E-02   0.3724E-02   0.3268E-02
   0.1423E+02   0.1300E-02   0.3938E-02   0.3460E-02
   0.1481E+02   0.1300E-02   0.4161E-02   0.3661E-02
   0.1542E+02   0.1300E-02   0.4395E-02   0.3872E-02
   0.1606E+02   0.1300E-02   0.4641E-02   0.4094E-02
   0.1672E+02   0.1300E-02   0.4897E-02   0.4326E-02
   0.1740E+02   0.1300E-02   0.5166E-02   0.4569E-02
   0.1812E+02   0.1300E-02   0.5447E-02   0.4823E-02
   0.1886E+02   0.1300E-02   0.5741E-02   0.5089E-02
   0.1963E+02   0.1300E-02   0.6048E-02   0.5368E-02
   0.2044E+02   0.1300E-02   0.6368E-02   0.5658E-02
   0.2128E+02   0.1300E-02   0.6701E-02   0.5961E-02
   0.2215E+02   0.1300E-02   0.7048E-02   0.6277E-02
   0.2306E+02   0.1300E-02   0.7409E-02   0.6606E-02
   0.2401E+02   0.1300E-02   0.7786E-02   0.6949E-02
   0.2499E+02   0.1300E-02   0.8179E-02   0.7308E-02
   0.2602E+02   0.1300E-02   0.8587E-02   0.7681E-02
   0.2709E+02   0.1300E-02   0.9012E-02   0.8069E-02
   0.2820E+02   0.1300E-02   0.9453E-02   0.8473E-02
   0.2936E+02   0.1300E-02   0.9911E-02   0.8892E-02
   0.3056E+02   0.1300E-02   0.1038E-01   0.9326E-02
   0.3182E+02   0.1300E-02   0.1087E-01   0.9776E-02
   0.3312E+02   0.1300E-02   0.1138E-01   0.1024E-01
   0.3448E+02   0.1300E-02   0.1191E-01   0.1073E-01
   0.3590E+02   0.1300E-02   0.1245E-01   0.1123E-01
   0.3737E+02   0.1300E-02   0.1302E-01   0.1175E-01
   0.3891E+02   0.1300E-02   0.1360E-01   0.1228E-01
   0.4051E+02   0.1300E-02   0.1420E-01   0.1283E-01
   0.4217E+02   0.1300E-02   0.1482E-01   0.1341E-01
   0.4390E+02   0.1300E-02   0.1546E-01   0.1400E-01
   0.4570E+02   0.1300E-02   0.1612E-01   0.1461E-01
   0.4758E+02   0.1300E-02   0.1680E-01   0.1523E-01
   0.4953E+02   0.1300E-02   0.1749E-01   0.1588E-01
   0.5156E+02   0.1300E-02   0.1821E-01   0.1655E-01
   0.5368E+02   0.1300E-02   0.1895E-01   0.1723E-01
   0.5589E+02   0.1300E-02   0.1971E-01   0.1793E-01
   0.5818E+02   0.1300E-02   0.2049E-01   0.1865E-01
   0.6057E+02   0.1300E-02   0.2129E-01   0.1939E-01
   0.6305E+02   0.1300E-02   0.2211E-01   0.2015E-01
   0.6564E+02   0.1300E-02   0.2294E-01   0.2093E-01
   0.6834E+02   0.1300E-02   0.2380E-01   0.2173E-01
   0.7114E+02   0.1300E-02   0.2468E-01   0.2254E-01
   0.7406E+02   0.1300E-02   0.2557E-01   0.2337E-01
   0.7710E+02   0.1300E-02   0.2648E-01   0.2422E-01
   0.8027E+02   0.1300E-02   0.2741E-01   0.2508E-01
   0.8357E+02   0.1300E-02   0.2835E-01   0.2596E-01
   0.8700E+02   0.1300E-02   0.2932E-01   0.2686E-01
   0.9057E+02   0.1300E-02   0.3031E-01   0.2778E-01
   0.9429E+02   0.1300E-02   0.3131E-01   0.2871E-01
   0.9816E+02   0.1300E-02   0.3234E-01   0.2966E-01
   0.1022E+03   0.1300E-02   0.3338E-01   0.3064E-01
   0.1064E+03   0.1300E-02   0.3445E-01   0.3163E-01
   0.1107E+03   0.1300E-02   0.3552E-01   0.3263E-01
   0.1153E+03   0.1300E-02   0.3662E-01   0.3365E-01
   0.1200E+03   0.1300E-02   0.3772E-01   0.3468E-01
   0.1250E+03   0.1300E-02   0.3883E-01   0.3571E-01
   0.1301E+03   0.1300E-02   0.3995E-01   0.3675E-01
   0.1354E+03   0.1300E-02   0.4108E-01   0.3780E-01
   0.1410E+03   0.1300E-02   0.4222E-01   0.3886E-01
   0.1468E+03   0.1300E-02   0.4339E-01   0.3995E-01
   0.1528E+03   0.1300E-02   0.4458E-01   0.4106E-01
   0.1591E+03   0.1300E-02   0.4579E-01   0.4218E-01
   0.1656E+03   0.1300E-02   0.4700E-01   0.4330E-01
   0.1724E+03   0.1300E-02   0.4822E-01   0.4444E-01
   0.1795E+03   0.1300E-02   0.4945E-01   0.4558E-01
   0.1868E+03   0.1300E-02   0.5069E-01   0.4673E-01
   0.1945E+03   0.1300E-02   0.5193E-01   0.4787E-01
   0.2025E+03   0.1300E-02   0.5316E-01   0.4902E-01
   0.2108E+03   0.1300E-02   0.5443E-01   0.5019E-01
   0.2195E+03   0.1300E-02   0.5570E-01   0.5136E-01
   0.2285E+03   0.1300E-02   0.5697E-01   0.5254E-01
   0.2379E+03   0.1300E-02   0.5824E-01   0.5371E-01
   0.2476E+03   0.1300E-02   0.5953E-01   0.5490E-01
   0.2578E+03   0.1300E-02   0.6083E-01   0.5611E-01
   0.2684E+03   0.1300E-02   0.6213E-01   0.5731E-01
   0.2794E+03   0.1300E-02   0.6344E-01   0.5851E-01
   0.2909E+03   0.1300E-02   0.6474E-01   0.5971E-01
   0.3028E+03   0.1300E-02   0.6605E-01   0.6092E-01
   0.3152E+03   0.1300E-02   0.6737E-01   0.6214E-01
   0.3282E+03   0.1300E-02   0.6870E-01   0.6335E-01
   0.3416E+03   0.1300E-02   0.7002E-01   0.6457E-01
   0.3557E+03   0.1300E-02   0.7134E-01   0.6578E-01
   0.3703E+03   0.1300E-02   0.7265E-01   0.6698E-01
   0.3855E+03   0.1300E-02   0.7397E-01   0.6819E-01
   0.4013E+03   0.1300E-02   0.7529E-01   0.6941E-01
   0.4178E+03   0.1300E-02   0.7663E-01   0.7063E-01
   0.4349E+03   0.1300E-02   0.7795E-01   0.7185E-01
   0.4528E+03   0.1300E-02   0.7929E-01   0.7307E-01
   0.4714E+03   0.1300E-02   0.8063E-01   0.7429E-01
   0.4907E+03   0.1300E-02   0.8197E-01   0.7551E-01
   0.5109E+03   0.1300E-02   0.8330E-01   0.7673E-01
   0.5318E+03   0.1300E-02   0.8463E-01   0.7794E-01
   0.5537E+03   0.1300E-02   0.8596E-01   0.7914E-01
   0.5764E+03   0.1300E-02   0.8728E-01   0.8033E-01
   0.6001E+03   0.1300E-02   0.8858E-01   0.8153E-01
   0.6247E+03   0.1300E-02   0.8991E-01   0.8274E-01
   0.6504E+03   0.1300E-02   0.9123E-01   0.8395E-01
   0.6771E+03   0.1300E-02   0.9255E-01   0.8515E-01
   0.7048E+03   0.1300E-02   0.9388E-01   0.8634E-01
   0.7338E+03   0.1300E-02   0.9520E-01   0.8753E-01
   0.7639E+03   0.1300E-02   0.9651E-01   0.8872E-01
   0.7953E+03   0.1300E-02   0.9782E-01   0.8990E-01
   0.8279E+03   0.1300E-02   0.9913E-01   0.9108E-01
   0.8619E+03   0.1300E-02   0.1004E+00   0.9226E-01
   0.8973E+03   0.1300E-02   0.1017E+00   0.9343E-01
   0.9341E+03   0.1300E-02   0.1030E+00   0.9461E-01
   0.9725E+03   0.1300E-02   0.1043E+00   0.9579E-01
   0.1012E+04   0.1300E-02   0.1056E+00   0.9696E-01
   0.1054E+04   0.1300E-02   0.1069E+00   0.9812E-01
   0.1097E+04   0.1300E-02   0.1082E+00   0.9928E-01
   0.1142E+04   0.1300E-02   0.1095E+00   0.1004E+00
   0.1189E+04   0.1300E-02   0.1108E+00   0.1016E+00
   0.1238E+04   0.1300E-02   0.1121E+00   0.1027E+00
   0.1289E+04   0.1300E-02   0.1133E+00   0.1039E+00
   0.1342E+04   0.1300E-02   0.1146E+00   0.1050E+00
   0.1397E+04   0.1300E-02   0.1159E+00   0.1062E+00
   0.1454E+04   0.1300E-02   0.1172E+00   0.1073E+00
   0.1514E+04   0.1300E-02   0.1184E+00   0.1085E+00
   0.1576E+04   0.1300E-02   0.1197E+00   0.1096E+00
   0.1641E+04   0.1300E-02   0.1210E+00   0.1107E+00
   0.1708E+04   0.1300E-02   0.1222E+00   0.1118E+00
   0.1778E+04   0.1300E-02   0.1235E+00   0.1130E+00
   0.1851E+04   0.1300E-02   0.1247E+00   0.1141E+00
   0.1927E+04   0.1300E-02   0.1260E+00   0.1152E+00
   0.2006E+04   0.1300E-02   0.1272E+00   0.1163E+00
   0.2089E+04   0.1300E-02   0.1284E+00   0.1174E+00
   0.2174E+04   0.1300E-02   0.1297E+00   0.1185E+00
   0.2264E+04   0.1300E-02   0.1309E+00   0.1196E+00
   0.2357E+04   0.1300E-02   0.1321E+00   0.1207E+00
   0.2453E+04   0.1300E-02   0.1334E+00   0.1218E+00
   0.2554E+04   0.1300E-02   0.1346E+00   0.1229E+00
   0.2659E+04   0.1300E-02   0.1358E+00   0.1240E+00
   0.2768E+04   0.1300E-02   0.1370E+00   0.1251E+00
   0.2882E+04   0.1300E-02   0.1382E+00   0.1262E+00
   0.3000E+04   0.1300E-02   0.1394E+00   0.1273E+00
   0.1000E+01   0.2000E-02   0.8748E-05   0.6048E-05
   0.1041E+01   0.2000E-02   0.1010E-04   0.7029E-05
   0.1084E+01   0.2000E-02   0.1162E-04   0.8141E-05
   0.1128E+01   0.2000E-02   0.1333E-04   0.9397E-05
   0.1175E+01   0.2000E-02   0.1525E-04   0.1081E-04
   0.1223E+01   0.2000E-02   0.1739E-04   0.1241E-04
   0.1273E+01   0.2000E-02   0.1978E-04   0.1419E-04
   0.1325E+01   0.2000E-02   0.2243E-04   0.1619E-04
   0.1380E+01   0.2000E-02   0.2538E-04   0.1842E-04
   0.1436E+01   0.2000E-02   0.2865E-04   0.2090E-04
   0.1495E+01   0.2000E-02   0.3226E-04   0.2366E-04
   0.1557E+01   0.2000E-02   0.3624E-04   0.2672E-04
   0.1621E+01   0.2000E-02   0.4063E-04   0.3010E-04
   0.1687E+01   0.2000E-02   0.4545E-04   0.3383E-04
   0.1756E+01   0.2000E-02   0.5075E-04   0.3795E-04
   0.1828E+01   0.2000E-02   0.5654E-04   0.4248E-04
   0.1904E+01   0.2000E-02   0.6289E-04   0.4746E-04
   0.1982E+01   0.2000E-02   0.6982E-04   0.5292E-04
   0.2063E+01   0.2000E-02   0.7738E-04   0.5891E-04
   0.2148E+01   0.2000E-02   0.8563E-04   0.6547E-04
   0.2236E+01   0.2000E-02   0.9461E-04   0.7263E-04
   0.2328E+01   0.2000E-02   0.1044E-03   0.8045E-04
   0.2423E+01   0.2000E-02   0.1150E-03   0.8896E-04
   0.2523E+01   0.2000E-02   0.1264E-03   0.9824E-04
   0.2626E+01   0.2000E-02   0.1389E-03   0.1083E-03
   0.2734E+01   0.2000E-02   0.1523E-03   0.1193E-03
   0.2846E+01   0.2000E-02   0.1669E-03   0.1311E-03
   0.2963E+01   0.2000E-02   0.1826E-03   0.1439E-03
   0.3085E+01   0.2000E-02   0.1995E-03   0.1578E-03
   0.3212E+01   0.2000E-02   0.2177E-03   0.1728E-03
   0.3343E+01   0.2000E-02   0.2373E-03   0.1890E-03
   0.3481E+01   0.2000E-02   0.2583E-03   0.2064E-03
   0.3624E+01   0.2000E-02   0.2809E-03   0.2252E-03
   0.3772E+01   0.2000E-02   0.3052E-03   0.2454E-03
   0.3927E+01   0.2000E-02   0.3312E-03   0.2671E-03
   0.4088E+01   0.2000E-02   0.3591E-03   0.2905E-03
   0.4256E+01   0.2000E-02   0.3890E-03   0.3155E-03
   0.4431E+01   0.2000E-02   0.4210E-03   0.3425E-03
   0.4613E+01   0.2000E-02   0.4551E-03   0.3713E-03
   0.4802E+01   0.2000E-02   0.4916E-03   0.4022E-03
   0.4999E+01   0.2000E-02   0.5306E-03   0.4352E-03
   0.5205E+01   0.2000E-02   0.5721E-03   0.4705E-03
   0.5418E+01   0.2000E-02   0.6164E-03   0.5082E-03
   0.5641E+01   0.2000E-02   0.6636E-03   0.5485E-03
   0.5872E+01   0.2000E-02   0.7138E-03   0.5916E-03
   0.6113E+01   0.2000E-02   0.7673E-03   0.6374E-03
   0.6364E+01   0.2000E-02   0.8242E-03   0.6863E-03
   0.6626E+01   0.2000E-02   0.8846E-03   0.7383E-03
   0.6898E+01   0.2000E-02   0.9487E-03   0.7937E-03
   0.7181E+01   0.2000E-02   0.1017E-02   0.8525E-03
   0.7476E+01   0.2000E-02   0.1089E-02   0.9150E-03
   0.7783E+01   0.2000E-02   0.1165E-02   0.9814E-03
   0.8102E+01   0.2000E-02   0.1246E-02   0.1052E-02
   0.8435E+01   0.2000E-02   0.1332E-02   0.1126E-02
   0.8781E+01   0.2000E-02   0.1423E-02   0.1205E-02
   0.9141E+01   0.2000E-02   0.1518E-02   0.1289E-02
   0.9517E+01   0.2000E-02   0.1620E-02   0.1378E-02
   0.9907E+01   0.2000E-02   0.1726E-02   0.1472E-02
   0.1031E+02   0.2000E-02   0.1839E-02   0.1571E-02
   0.1074E+02   0.2000E-02   0.1958E-02   0.1676E-02
   0.1118E+02   0.2000E-02   0.2084E-02   0.1786E-02
   0.1164E+02   0.2000E-02   0.2216E-02   0.1903E-02
   0.1212E+02   0.2000E-02   0.2355E-02   0.2026E-02
   0.1261E+02   0.2000E-02   0.2501E-02   0.2156E-02
   0.1313E+02   0.2000E-02   0.2655E-02   0.2292E-02
   0.1367E+02   0.2000E-02   0.2817E-02   0.2436E-02
   0.1423E+02   0.2000E-02   0.2987E-02   0.2587E-02
   0.1481E+02   0.2000E-02   0.3165E-02   0.2746E-02
   0.1542E+02   0.2000E-02   0.3353E-02   0.2913E-02
   0.1606E+02   0.2000E-02   0.3549E-02   0.3089E-02
   0.1672E+02   0.2000E-02   0.3755E-02   0.3273E-02
   0.1740E+02   0.2000E-02   0.3970E-02   0.3466E-02
   0.1812E+02   0.2000E-02   0.4196E-02   0.3669E-02
   0.1886E+02   0.2000E-02   0.4432E-02   0.3881E-02
   0.1963E+02   0.2000E-02   0.4679E-02   0.4103E-02
   0.2044E+02   0.2000E-02   0.4937E-02   0.4336E-02
   0.2128E+02   0.2000E-02   0.5205E-02   0.4578E-02
   0.2215E+02   0.2000E-02   0.5485E-02   0.4831E-02
   0.2306E+02   0.2000E-02   0.5777E-02   0.5095E-02
   0.2401E+02   0.2000E-02   0.6082E-02   0.5371E-02
   0.2499E+02   0.2000E-02   0.6399E-02   0.5659E-02
   0.2602E+02   0.2000E-02   0.6730E-02   0.5959E-02
   0.2709E+02   0.2000E-02   0.7074E-02   0.6271E-02
   0.2820E+02   0.2000E-02   0.7431E-02   0.6596E-02
   0.2936E+02   0.2000E-02   0.7802E-02   0.6934E-02
   0.3056E+02   0.2000E-02   0.8187E-02   0.7285E-02
   0.3182E+02   0.2000E-02   0.8586E-02   0.7649E-02
   0.3312E+02   0.2000E-02   0.9000E-02   0.8027E-02
   0.3448E+02   0.2000E-02   0.9429E-02   0.8419E-02
   0.3590E+02   0.2000E-02   0.9873E-02   0.8826E-02
   0.3737E+02   0.2000E-02   0.1033E-01   0.9246E-02
   0.3891E+02   0.2000E-02   0.1081E-01   0.9681E-02
   0.4051E+02   0.2000E-02   0.1130E-01   0.1013E-01
   0.4217E+02   0.2000E-02   0.1180E-01   0.1059E-01
   0.4390E+02   0.2000E-02   0.1232E-01   0.1107E-01
   0.4570E+02   0.2000E-02   0.1286E-01   0.1157E-01
   0.4758E+02   0.2000E-02   0.1341E-01   0.1208E-01
   0.4953E+02   0.2000E-02   0.1398E-01   0.1260E-01
   0.5156E+02   0.2000E-02   0.1457E-01   0.1315E-01
   0.5368E+02   0.2000E-02   0.1517E-01   0.1370E-01
   0.5589E+02   0.2000E-02   0.1579E-01   0.1427E-01
   0.5818E+02   0.2000E-02   0.1642E-01   0.1486E-01
   0.6057E+02   0.2000E-02   0.1707E-01   0.1546E-01
   0.6305E+02   0.2000E-02   0.1774E-01   0.1608E-01
   0.6564E+02   0.2000E-02   0.1842E-01   0.1671E-01
   0.6834E+02   0.2000E-02   0.1913E-01   0.1736E-01
   0.7114E+02   0.2000E-02   0.1984E-01   0.1803E-01
   0.7406E+02   0.2000E-02   0.2058E-01   0.1871E-01
   0.7710E+02   0.2000E-02   0.2132E-01   0.1940E-01
   0.8027E+02   0.2000E-02   0.2209E-01   0.2011E-01
   0.8357E+02   0.2000E-02   0.2286E-01   0.2083E-01
   0.8700E+02   0.2000E-02   0.2364E-01   0.2156E-01
   0.9057E+02   0.2000E-02   0.2444E-01   0.2230E-01
   0.9429E+02   0.2000E-02   0.2525E-01   0.2305E-01
   0.9816E+02   0.2000E-02   0.2609E-01   0.2383E-01
   0.1022E+03   0.2000E-02   0.2694E-01   0.2462E-01
   0.1064E+03   0.2000E-02   0.2780E-01   0.2543E-01
   0.1107E+03   0.2000E-02   0.2868E-01   0.2624E-01
   0.1153E+03   0.2000E-02   0.2957E-01   0.2707E-01
   0.1200E+03   0.2000E-02   0.3047E-01   0.2791E-01
   0.1250E+03   0.2000E-02   0.3138E-01   0.2875E-01
   0.1301E+03   0.2000E-02   0.3229E-01   0.2961E-01
   0.1354E+03   0.2000E-02   0.3322E-01   0.3047E-01
   0.1410E+03   0.2000E-02   0.3415E-01   0.3134E-01
   0.1468E+03   0.2000E-02   0.3511E-01   0.3222E-01
   0.1528E+03   0.2000E-02   0.3606E-01   0.3312E-01
   0.1591E+03   0.2000E-02   0.3703E-01   0.3402E-01
   0.1656E+03   0.2000E-02   0.3800E-01   0.3492E-01
   0.1724E+03   0.2000E-02   0.3899E-01   0.3584E-01
   0.1795E+03   0.2000E-02   0.3998E-01   0.3677E-01
   0.1868E+03   0.2000E-02   0.4098E-01   0.3769E-01
   0.1945E+03   0.2000E-02   0.4198E-01   0.3862E-01
   0.2025E+03   0.2000E-02   0.4299E-01   0.3955E-01
   0.2108E+03   0.2000E-02   0.4402E-01   0.4051E-01
   0.2195E+03   0.2000E-02   0.4505E-01   0.4147E-01
   0.2285E+03   0.2000E-02   0.4609E-01   0.4243E-01
   0.2379E+03   0.2000E-02   0.4712E-01   0.4339E-01
   0.2476E+03   0.2000E-02   0.4816E-01   0.4435E-01
   0.2578E+03   0.2000E-02   0.4919E-01   0.4531E-01
   0.2684E+03   0.2000E-02   0.5022E-01   0.4626E-01
   0.2794E+03   0.2000E-02   0.5126E-01   0.4723E-01
   0.2909E+03   0.2000E-02   0.5230E-01   0.4820E-01
   0.3028E+03   0.2000E-02   0.5336E-01   0.4917E-01
   0.3152E+03   0.2000E-02   0.5442E-01   0.5016E-01
   0.3282E+03   0.2000E-02   0.5549E-01   0.5114E-01
   0.3416E+03   0.2000E-02   0.5656E-01   0.5213E-01
   0.3557E+03   0.2000E-02   0.5762E-01   0.5311E-01
   0.3703E+03   0.2000E-02   0.5868E-01   0.5409E-01
   0.3855E+03   0.2000E-02   0.5974E-01   0.5506E-01
   0.4013E+03   0.2000E-02   0.6078E-01   0.5603E-01
   0.4178E+03   0.2000E-02   0.6182E-01   0.5699E-01
   0.4349E+03   0.2000E-02   0.6286E-01   0.5795E-01
   0.4528E+03   0.2000E-02   0.6394E-01   0.5893E-01
   0.4714E+03   0.2000E-02   0.6501E-01   0.5991E-01
   0.4907E+03   0.2000E-02   0.6607E-01   0.6089E-01
   0.5109E+03   0.2000E-02   0.6714E-01   0.6187E-01
   0.5318E+03   0.2000E-02   0.6820E-01   0.6284E-01
   0.5537E+03   0.2000E-02   0.6925E-01   0.6381E-01
   0.5764E+03   0.2000E-02   0.7030E-01   0.6477E-01
   0.6001E+03   0.2000E-02   0.7134E-01   0.6572E-01
   0.6247E+03   0.2000E-02   0.7237E-01   0.6667E-01
   0.6504E+03   0.2000E-02   0.7340E-01   0.6761E-01
   0.6771E+03   0.2000E-02   0.7445E-01   0.6857E-01
   0.7048E+03   0.2000E-02   0.7550E-01   0.6952E-01
   0.7338E+03   0.2000E-02   0.7655E-01   0.7047E-01
   0.7639E+03   0.2000E-02   0.7759E-01   0.7142E-01
   0.7953E+03   0.2000E-02   0.7862E-01   0.7236E-01
   0.8279E+03   0.2000E-02   0.7965E-01   0.7330E-01
   0.8619E+03   0.2000E-02   0.8066E-01   0.7423E-01
   0.8973E+03   0.2000E-02   0.8168E-01   0.7517E-01
   0.9341E+03   0.2000E-02   0.8268E-01   0.7609E-01
   0.9725E+03   0.2000E-02   0.8370E-01   0.7701E-01
   0.1012E+04   0.2000E-02   0.8472E-01   0.7792E-01
   0.1054E+04   0.2000E-02   0.8574E-01   0.7885E-01
   0.1097E+04   0.2000E-02   0.8676E-01   0.7977E-01
   0.1142E+04   0.2000E-02   0.8777E-01   0.8068E-01
   0.1189E+04   0.2000E-02   0.8877E-01   0.8159E-01
   0.1238E+04   0.2000E-02   0.8976E-01   0.8250E-01
   0.1289E+04   0.2000E-02   0.9074E-01   0.8340E-01
   0.1342E+04   0.2000E-02   0.9173E-01   0.8431E-01
   0.1397E+04   0.2000E-02   0.9271E-01   0.8520E-01
   0.1454E+04   0.2000E-02   0.9371E-01   0.8609E-01
   0.1514E+04   0.2000E-02   0.9470E-01   0.8697E-01
   0.1576E+04   0.2000E-02   0.9571E-01   0.8787E-01
   0.1641E+04   0.2000E-02   0.9669E-01   0.8876E-01
   0.1708E+04   0.2000E-02   0.9766E-01   0.8964E-01
   0.1778E+04   0.2000E-02   0.9863E-01   0.9052E-01
   0.1851E+04   0.2000E-02   0.9958E-01   0.9140E-01
   0.1927E+04   0.2000E-02   0.1005E+00   0.9227E-01
   0.2006E+04   0.2000E-02   0.1015E+00   0.9315E-01
   0.2089E+04   0.2000E-02   0.1024E+00   0.9401E-01
   0.2174E+04   0.2000E-02   0.1034E+00   0.9486E-01
   0.2264E+04   0.2000E-02   0.1044E+00   0.9571E-01
   0.2357E+04   0.2000E-02   0.1053E+00   0.9658E-01
   0.2453E+04   0.2000E-02   0.1063E+00   0.9743E-01
   0.2554E+04   0.2000E-02   0.1072E+00   0.9828E-01
   0.2659E+04   0.2000E-02   0.1081E+00   0.9913E-01
   0.2768E+04   0.2000E-02   0.1091E+00   0.9998E-01
   0.2882E+04   0.2000E-02   0.1100E+00   0.1008E+00
   0.3000E+04   0.2000E-02   0.1109E+00   0.1017E+00
   0.1000E+01   0.5000E-02   0.1869E-06   0.9903E-07
   0.1041E+01   0.5000E-02   0.2508E-06   0.1354E-06
   0.1084E+01   0.5000E-02   0.3324E-06   0.1826E-06
   0.1128E+01   0.5000E-02   0.4357E-06   0.2434E-06
   0.1175E+01   0.5000E-02   0.5651E-06   0.3207E-06
   0.1223E+01   0.5000E-02   0.7259E-06   0.4181E-06
   0.1273E+01   0.5000E-02   0.9239E-06   0.5397E-06
   0.1325E+01   0.5000E-02   0.1166E-05   0.6902E-06
   0.1380E+01   0.5000E-02   0.1460E-05   0.8751E-06
   0.1436E+01   0.5000E-02   0.1814E-05   0.1101E-05
   0.1495E+01   0.5000E-02   0.2237E-05   0.1373E-05
   0.1557E+01   0.5000E-02   0.2740E-05   0.1701E-05
   0.1621E+01   0.5000E-02   0.3337E-05   0.2094E-05
   0.1687E+01   0.5000E-02   0.4039E-05   0.2560E-05
   0.1756E+01   0.5000E-02   0.4862E-05   0.3112E-05
   0.1828E+01   0.5000E-02   0.5823E-05   0.3761E-05
   0.1904E+01   0.5000E-02   0.6937E-05   0.4522E-05
   0.1982E+01   0.5000E-02   0.8226E-05   0.5408E-05
   0.2063E+01   0.5000E-02   0.9707E-05   0.6436E-05
   0.2148E+01   0.5000E-02   0.1140E-04   0.7624E-05
   0.2236E+01   0.5000E-02   0.1334E-04   0.8990E-05
   0.2328E+01   0.5000E-02   0.1555E-04   0.1056E-04
   0.2423E+01   0.5000E-02   0.1805E-04   0.1235E-04
   0.2523E+01   0.5000E-02   0.2089E-04   0.1439E-04
   0.2626E+01   0.5000E-02   0.2408E-04   0.1670E-04
   0.2734E+01   0.5000E-02   0.2767E-04   0.1932E-04
   0.2846E+01   0.5000E-02   0.3170E-04   0.2228E-04
   0.2963E+01   0.5000E-02   0.3620E-04   0.2561E-04
   0.3085E+01   0.5000E-02   0.4122E-04   0.2934E-04
   0.3212E+01   0.5000E-02   0.4680E-04   0.3351E-04
   0.3343E+01   0.5000E-02   0.5299E-04   0.3817E-04
   0.3481E+01   0.5000E-02   0.5986E-04   0.4336E-04
   0.3624E+01   0.5000E-02   0.6744E-04   0.4912E-04
   0.3772E+01   0.5000E-02   0.7579E-04   0.5550E-04
   0.3927E+01   0.5000E-02   0.8498E-04   0.6256E-04
   0.4088E+01   0.5000E-02   0.9508E-04   0.7034E-04
   0.4256E+01   0.5000E-02   0.1061E-03   0.7892E-04
   0.4431E+01   0.5000E-02   0.1183E-03   0.8835E-04
   0.4613E+01   0.5000E-02   0.1315E-03   0.9869E-04
   0.4802E+01   0.5000E-02   0.1459E-03   0.1100E-03
   0.4999E+01   0.5000E-02   0.1616E-03   0.1224E-03
   0.5205E+01   0.5000E-02   0.1787E-03   0.1360E-03
   0.5418E+01   0.5000E-02   0.1973E-03   0.1508E-03
   0.5641E+01   0.5000E-02   0.2174E-03   0.1669E-03
   0.5872E+01   0.5000E-02   0.2392E-03   0.1844E-03
   0.6113E+01   0.5000E-02   0.2628E-03   0.2034E-03
   0.6364E+01   0.5000E-02   0.2883E-03   0.2240E-03
   0.6626E+01   0.5000E-02   0.3158E-03   0.2463E-03
   0.6898E+01   0.5000E-02   0.3454E-03   0.2704E-03
   0.7181E+01   0.5000E-02   0.3772E-03   0.2964E-03
   0.7476E+01   0.5000E-02   0.4114E-03   0.3244E-03
   0.7783E+01   0.5000E-02   0.4480E-03   0.3546E-03
   0.8102E+01   0.5000E-02   0.4873E-03   0.3870E-03
   0.8435E+01   0.5000E-02   0.5294E-03   0.4218E-03
   0.8781E+01   0.5000E-02   0.5745E-03   0.4592E-03
   0.9141E+01   0.5000E-02   0.6226E-03   0.4993E-03
   0.9517E+01   0.5000E-02   0.6739E-03   0.5422E-03
   0.9907E+01   0.5000E-02   0.7287E-03   0.5881E-03
   0.1031E+02   0.5000E-02   0.7871E-03   0.6371E-03
   0.1074E+02   0.5000E-02   0.8492E-03   0.6895E-03
   0.1118E+02   0.5000E-02   0.9153E-03   0.7454E-03
   0.1164E+02   0.5000E-02   0.9855E-03   0.8049E-03
   0.1212E+02   0.5000E-02   0.1060E-02   0.8683E-03
   0.1261E+02   0.5000E-02   0.1139E-02   0.9357E-03
   0.1313E+02   0.5000E-02   0.1223E-02   0.1007E-02
   0.1367E+02   0.5000E-02   0.1312E-02   0.1083E-02
   0.1423E+02   0.5000E-02   0.1406E-02   0.1164E-02
   0.1481E+02   0.5000E-02   0.1505E-02   0.1249E-02
   0.1542E+02   0.5000E-02   0.1609E-02   0.1339E-02
   0.1606E+02   0.5000E-02   0.1720E-02   0.1435E-02
   0.1672E+02   0.5000E-02   0.1836E-02   0.1535E-02
   0.1740E+02   0.5000E-02   0.1958E-02   0.1642E-02
   0.1812E+02   0.5000E-02   0.2087E-02   0.1754E-02
   0.1886E+02   0.5000E-02   0.2222E-02   0.1872E-02
   0.1963E+02   0.5000E-02   0.2365E-02   0.1996E-02
   0.2044E+02   0.5000E-02   0.2514E-02   0.2127E-02
   0.2128E+02   0.5000E-02   0.2670E-02   0.2264E-02
   0.2215E+02   0.5000E-02   0.2834E-02   0.2409E-02
   0.2306E+02   0.5000E-02   0.3006E-02   0.2560E-02
   0.2401E+02   0.5000E-02   0.3185E-02   0.2718E-02
   0.2499E+02   0.5000E-02   0.3372E-02   0.2884E-02
   0.2602E+02   0.5000E-02   0.3568E-02   0.3057E-02
   0.2709E+02   0.5000E-02   0.3772E-02   0.3239E-02
   0.2820E+02   0.5000E-02   0.3986E-02   0.3429E-02
   0.2936E+02   0.5000E-02   0.4208E-02   0.3627E-02
   0.3056E+02   0.5000E-02   0.4439E-02   0.3833E-02
   0.3182E+02   0.5000E-02   0.4679E-02   0.4048E-02
   0.3312E+02   0.5000E-02   0.4929E-02   0.4271E-02
   0.3448E+02   0.5000E-02   0.5188E-02   0.4504E-02
   0.3590E+02   0.5000E-02   0.5456E-02   0.4746E-02
   0.3737E+02   0.5000E-02   0.5735E-02   0.4996E-02
   0.3891E+02   0.5000E-02   0.6022E-02   0.5256E-02
   0.4051E+02   0.5000E-02   0.6321E-02   0.5525E-02
   0.4217E+02   0.5000E-02   0.6630E-02   0.5805E-02
   0.4390E+02   0.5000E-02   0.6949E-02   0.6094E-02
   0.4570E+02   0.5000E-02   0.7278E-02   0.6392E-02
   0.4758E+02   0.5000E-02   0.7617E-02   0.6700E-02
   0.4953E+02   0.5000E-02   0.7966E-02   0.7018E-02
   0.5156E+02   0.5000E-02   0.8326E-02   0.7346E-02
   0.5368E+02   0.5000E-02   0.8696E-02   0.7683E-02
   0.5589E+02   0.5000E-02   0.9077E-02   0.8031E-02
   0.5818E+02   0.5000E-02   0.9468E-02   0.8389E-02
   0.6057E+02   0.5000E-02   0.9869E-02   0.8756E-02
   0.6305E+02   0.5000E-02   0.1028E-01   0.9132E-02
   0.6564E+02   0.5000E-02   0.1070E-01   0.9519E-02
   0.6834E+02   0.5000E-02   0.1113E-01   0.9916E-02
   0.7114E+02   0.5000E-02   0.1157E-01   0.1032E-01
   0.7406E+02   0.5000E-02   0.1202E-01   0.1074E-01
   0.7710E+02   0.5000E-02   0.1248E-01   0.1116E-01
   0.8027E+02   0.5000E-02   0.1295E-01   0.1160E-01
   0.8357E+02   0.5000E-02   0.1343E-01   0.1204E-01
   0.8700E+02   0.5000E-02   0.1392E-01   0.1249E-01
   0.9057E+02   0.5000E-02   0.1441E-01   0.1294E-01
   0.9429E+02   0.5000E-02   0.1492E-01   0.1341E-01
   0.9816E+02   0.5000E-02   0.1543E-01   0.1389E-01
   0.1022E+03   0.5000E-02   0.1596E-01   0.1437E-01
   0.1064E+03   0.5000E-02   0.1649E-01   0.1487E-01
   0.1107E+03   0.5000E-02   0.1703E-01   0.1537E-01
   0.1153E+03   0.5000E-02   0.1757E-01   0.1588E-01
   0.1200E+03   0.5000E-02   0.1812E-01   0.1639E-01
   0.1250E+03   0.5000E-02   0.1868E-01   0.1690E-01
   0.1301E+03   0.5000E-02   0.1924E-01   0.1742E-01
   0.1354E+03   0.5000E-02   0.1980E-01   0.1795E-01
   0.1410E+03   0.5000E-02   0.2038E-01   0.1848E-01
   0.1468E+03   0.5000E-02   0.2096E-01   0.1903E-01
   0.1528E+03   0.5000E-02   0.2155E-01   0.1958E-01
   0.1591E+03   0.5000E-02   0.2215E-01   0.2014E-01
   0.1656E+03   0.5000E-02   0.2275E-01   0.2070E-01
   0.1724E+03   0.5000E-02   0.2335E-01   0.2126E-01
   0.1795E+03   0.5000E-02   0.2396E-01   0.2183E-01
   0.1868E+03   0.5000E-02   0.2456E-01   0.2239E-01
   0.1945E+03   0.5000E-02   0.2517E-01   0.2295E-01
   0.2025E+03   0.5000E-02   0.2577E-01   0.2352E-01
   0.2108E+03   0.5000E-02   0.2638E-01   0.2409E-01
   0.2195E+03   0.5000E-02   0.2700E-01   0.2467E-01
   0.2285E+03   0.5000E-02   0.2762E-01   0.2525E-01
   0.2379E+03   0.5000E-02   0.2825E-01   0.2584E-01
   0.2476E+03   0.5000E-02   0.2888E-01   0.2642E-01
   0.2578E+03   0.5000E-02   0.2951E-01   0.2701E-01
   0.2684E+03   0.5000E-02   0.3014E-01   0.2760E-01
   0.2794E+03   0.5000E-02   0.3076E-01   0.2818E-01
   0.2909E+03   0.5000E-02   0.3139E-01   0.2877E-01
   0.3028E+03   0.5000E-02   0.3201E-01   0.2935E-01
   0.3152E+03   0.5000E-02   0.3264E-01   0.2994E-01
   0.3282E+03   0.5000E-02   0.3326E-01   0.3052E-01
   0.3416E+03   0.5000E-02   0.3388E-01   0.3110E-01
   0.3557E+03   0.5000E-02   0.3451E-01   0.3169E-01
   0.3703E+03   0.5000E-02   0.3514E-01   0.3228E-01
   0.3855E+03   0.5000E-02   0.3577E-01   0.3286E-01
   0.4013E+03   0.5000E-02   0.3640E-01   0.3345E-01
   0.4178E+03   0.5000E-02   0.3702E-01   0.3403E-01
   0.4349E+03   0.5000E-02   0.3764E-01   0.3461E-01
   0.4528E+03   0.5000E-02   0.3826E-01   0.3519E-01
   0.4714E+03   0.5000E-02   0.3888E-01   0.3577E-01
   0.4907E+03   0.5000E-02   0.3950E-01   0.3634E-01
   0.5109E+03   0.5000E-02   0.4011E-01   0.3691E-01
   0.5318E+03   0.5000E-02   0.4071E-01   0.3747E-01
   0.5537E+03   0.5000E-02   0.4132E-01   0.3804E-01
   0.5764E+03   0.5000E-02   0.4193E-01   0.3861E-01
   0.6001E+03   0.5000E-02   0.4254E-01   0.3918E-01
   0.6247E+03   0.5000E-02   0.4314E-01   0.3975E-01
   0.6504E+03   0.5000E-02   0.4374E-01   0.4031E-01
   0.6771E+03   0.5000E-02   0.4434E-01   0.4087E-01
   0.7048E+03   0.5000E-02   0.4494E-01   0.4142E-01
   0.7338E+03   0.5000E-02   0.4553E-01   0.4197E-01
   0.7639E+03   0.5000E-02   0.4612E-01   0.4251E-01
   0.7953E+03   0.5000E-02   0.4670E-01   0.4305E-01
   0.8279E+03   0.5000E-02   0.4728E-01   0.4359E-01
   0.8619E+03   0.5000E-02   0.4786E-01   0.4414E-01
   0.8973E+03   0.5000E-02   0.4844E-01   0.4468E-01
   0.9341E+03   0.5000E-02   0.4901E-01   0.4522E-01
   0.9725E+03   0.5000E-02   0.4959E-01   0.4576E-01
   0.1012E+04   0.5000E-02   0.5016E-01   0.4629E-01
   0.1054E+04   0.5000E-02   0.5073E-01   0.4681E-01
   0.1097E+04   0.5000E-02   0.5130E-01   0.4733E-01
   0.1142E+04   0.5000E-02   0.5186E-01   0.4785E-01
   0.1189E+04   0.5000E-02   0.5242E-01   0.4837E-01
   0.1238E+04   0.5000E-02   0.5296E-01   0.4888E-01
   0.1289E+04   0.5000E-02   0.5352E-01   0.4940E-01
   0.1342E+04   0.5000E-02   0.5406E-01   0.4991E-01
   0.1397E+04   0.5000E-02   0.5461E-01   0.5043E-01
   0.1454E+04   0.5000E-02   0.5516E-01   0.5093E-01
   0.1514E+04   0.5000E-02   0.5570E-01   0.5143E-01
   0.1576E+04   0.5000E-02   0.5624E-01   0.5193E-01
   0.1641E+04   0.5000E-02   0.5678E-01   0.5243E-01
   0.1708E+04   0.5000E-02   0.5732E-01   0.5292E-01
   0.1778E+04   0.5000E-02   0.5785E-01   0.5341E-01
   0.1851E+04   0.5000E-02   0.5837E-01   0.5390E-01
   0.1927E+04   0.5000E-02   0.5889E-01   0.5439E-01
   0.2006E+04   0.5000E-02   0.5941E-01   0.5489E-01
   0.2089E+04   0.5000E-02   0.5993E-01   0.5537E-01
   0.2174E+04   0.5000E-02   0.6045E-01   0.5585E-01
   0.2264E+04   0.5000E-02   0.6097E-01   0.5633E-01
   0.2357E+04   0.5000E-02   0.6148E-01   0.5680E-01
   0.2453E+04   0.5000E-02   0.6200E-01   0.5727E-01
   0.2554E+04   0.5000E-02   0.6251E-01   0.5774E-01
   0.2659E+04   0.5000E-02   0.6301E-01   0.5820E-01
   0.2768E+04   0.5000E-02   0.6351E-01   0.5867E-01
   0.2882E+04   0.5000E-02   0.6400E-01   0.5914E-01
   0.3000E+04   0.5000E-02   0.6449E-01   0.5961E-01
   0.1000E+01   0.1300E-01   0.0000E+00   0.0000E+00
   0.1041E+01   0.1300E-01   0.0000E+00   0.0000E+00
   0.1084E+01   0.1300E-01   0.6368E-12   0.1630E-12
   0.1128E+01   0.1300E-01   0.4229E-11   0.1503E-11
   0.1175E+01   0.1300E-01   0.6135E-11   0.2506E-11
   0.1223E+01   0.1300E-01   0.9274E-11   0.3277E-11
   0.1273E+01   0.1300E-01   0.2345E-10   0.6303E-11
   0.1325E+01   0.1300E-01   0.6553E-10   0.1621E-10
   0.1380E+01   0.1300E-01   0.1685E-09   0.4299E-10
   0.1436E+01   0.1300E-01   0.3902E-09   0.1059E-09
   0.1495E+01   0.1300E-01   0.8272E-09   0.2405E-09
   0.1557E+01   0.1300E-01   0.1631E-08   0.5067E-09
   0.1621E+01   0.1300E-01   0.3030E-08   0.1001E-08
   0.1687E+01   0.1300E-01   0.5362E-08   0.1876E-08
   0.1756E+01   0.1300E-01   0.9107E-08   0.3359E-08
   0.1828E+01   0.1300E-01   0.1493E-07   0.5773E-08
   0.1904E+01   0.1300E-01   0.2371E-07   0.9576E-08
   0.1982E+01   0.1300E-01   0.3665E-07   0.1540E-07
   0.2063E+01   0.1300E-01   0.5530E-07   0.2411E-07
   0.2148E+01   0.1300E-01   0.8164E-07   0.3683E-07
   0.2236E+01   0.1300E-01   0.1181E-06   0.5498E-07
   0.2328E+01   0.1300E-01   0.1679E-06   0.8040E-07
   0.2423E+01   0.1300E-01   0.2346E-06   0.1154E-06
   0.2523E+01   0.1300E-01   0.3229E-06   0.1627E-06
   0.2626E+01   0.1300E-01   0.4383E-06   0.2260E-06
   0.2734E+01   0.1300E-01   0.5873E-06   0.3093E-06
   0.2846E+01   0.1300E-01   0.7775E-06   0.4177E-06
   0.2963E+01   0.1300E-01   0.1018E-05   0.5571E-06
   0.3085E+01   0.1300E-01   0.1318E-05   0.7342E-06
   0.3212E+01   0.1300E-01   0.1690E-05   0.9571E-06
   0.3343E+01   0.1300E-01   0.2147E-05   0.1235E-05
   0.3481E+01   0.1300E-01   0.2706E-05   0.1579E-05
   0.3624E+01   0.1300E-01   0.3381E-05   0.2000E-05
   0.3772E+01   0.1300E-01   0.4193E-05   0.2513E-05
   0.3927E+01   0.1300E-01   0.5161E-05   0.3133E-05
   0.4088E+01   0.1300E-01   0.6310E-05   0.3877E-05
   0.4256E+01   0.1300E-01   0.7666E-05   0.4764E-05
   0.4431E+01   0.1300E-01   0.9257E-05   0.5816E-05
   0.4613E+01   0.1300E-01   0.1112E-04   0.7056E-05
   0.4802E+01   0.1300E-01   0.1328E-04   0.8512E-05
   0.4999E+01   0.1300E-01   0.1578E-04   0.1021E-04
   0.5205E+01   0.1300E-01   0.1866E-04   0.1219E-04
   0.5418E+01   0.1300E-01   0.2196E-04   0.1447E-04
   0.5641E+01   0.1300E-01   0.2573E-04   0.1710E-04
   0.5872E+01   0.1300E-01   0.3002E-04   0.2012E-04
   0.6113E+01   0.1300E-01   0.3488E-04   0.2356E-04
   0.6364E+01   0.1300E-01   0.4037E-04   0.2748E-04
   0.6626E+01   0.1300E-01   0.4655E-04   0.3192E-04
   0.6898E+01   0.1300E-01   0.5349E-04   0.3694E-04
   0.7181E+01   0.1300E-01   0.6126E-04   0.4260E-04
   0.7476E+01   0.1300E-01   0.6993E-04   0.4896E-04
   0.7783E+01   0.1300E-01   0.7956E-04   0.5608E-04
   0.8102E+01   0.1300E-01   0.9025E-04   0.6402E-04
   0.8435E+01   0.1300E-01   0.1021E-03   0.7286E-04
   0.8781E+01   0.1300E-01   0.1151E-03   0.8268E-04
   0.9141E+01   0.1300E-01   0.1295E-03   0.9356E-04
   0.9517E+01   0.1300E-01   0.1453E-03   0.1056E-03
   0.9907E+01   0.1300E-01   0.1626E-03   0.1188E-03
   0.1031E+02   0.1300E-01   0.1816E-03   0.1333E-03
   0.1074E+02   0.1300E-01   0.2022E-03   0.1493E-03
   0.1118E+02   0.1300E-01   0.2247E-03   0.1667E-03
   0.1164E+02   0.1300E-01   0.2491E-03   0.1858E-03
   0.1212E+02   0.1300E-01   0.2756E-03   0.2065E-03
   0.1261E+02   0.1300E-01   0.3043E-03   0.2292E-03
   0.1313E+02   0.1300E-01   0.3354E-03   0.2537E-03
   0.1367E+02   0.1300E-01   0.3690E-03   0.2804E-03
   0.1423E+02   0.1300E-01   0.4051E-03   0.3093E-03
   0.1481E+02   0.1300E-01   0.4440E-03   0.3404E-03
   0.1542E+02   0.1300E-01   0.4857E-03   0.3740E-03
   0.1606E+02   0.1300E-01   0.5304E-03   0.4101E-03
   0.1672E+02   0.1300E-01   0.5783E-03   0.4490E-03
   0.1740E+02   0.1300E-01   0.6294E-03   0.4907E-03
   0.1812E+02   0.1300E-01   0.6840E-03   0.5353E-03
   0.1886E+02   0.1300E-01   0.7421E-03   0.5830E-03
   0.1963E+02   0.1300E-01   0.8040E-03   0.6340E-03
   0.2044E+02   0.1300E-01   0.8697E-03   0.6883E-03
   0.2128E+02   0.1300E-01   0.9393E-03   0.7460E-03
   0.2215E+02   0.1300E-01   0.1013E-02   0.8074E-03
   0.2306E+02   0.1300E-01   0.1091E-02   0.8726E-03
   0.2401E+02   0.1300E-01   0.1174E-02   0.9419E-03
   0.2499E+02   0.1300E-01   0.1261E-02   0.1015E-02
   0.2602E+02   0.1300E-01   0.1353E-02   0.1093E-02
   0.2709E+02   0.1300E-01   0.1450E-02   0.1175E-02
   0.2820E+02   0.1300E-01   0.1552E-02   0.1261E-02
   0.2936E+02   0.1300E-01   0.1659E-02   0.1353E-02
   0.3056E+02   0.1300E-01   0.1771E-02   0.1449E-02
   0.3182E+02   0.1300E-01   0.1889E-02   0.1549E-02
   0.3312E+02   0.1300E-01   0.2012E-02   0.1655E-02
   0.3448E+02   0.1300E-01   0.2140E-02   0.1765E-02
   0.3590E+02   0.1300E-01   0.2274E-02   0.1881E-02
   0.3737E+02   0.1300E-01   0.2414E-02   0.2002E-02
   0.3891E+02   0.1300E-01   0.2559E-02   0.2128E-02
   0.4051E+02   0.1300E-01   0.2710E-02   0.2260E-02
   0.4217E+02   0.1300E-01   0.2868E-02   0.2397E-02
   0.4390E+02   0.1300E-01   0.3031E-02   0.2540E-02
   0.4570E+02   0.1300E-01   0.3201E-02   0.2689E-02
   0.4758E+02   0.1300E-01   0.3376E-02   0.2843E-02
   0.4953E+02   0.1300E-01   0.3558E-02   0.3003E-02
   0.5156E+02   0.1300E-01   0.3746E-02   0.3170E-02
   0.5368E+02   0.1300E-01   0.3940E-02   0.3342E-02
   0.5589E+02   0.1300E-01   0.4140E-02   0.3519E-02
   0.5818E+02   0.1300E-01   0.4346E-02   0.3703E-02
   0.6057E+02   0.1300E-01   0.4558E-02   0.3892E-02
   0.6305E+02   0.1300E-01   0.4776E-02   0.4086E-02
   0.6564E+02   0.1300E-01   0.4999E-02   0.4286E-02
   0.6834E+02   0.1300E-01   0.5229E-02   0.4492E-02
   0.7114E+02   0.1300E-01   0.5464E-02   0.4704E-02
   0.7406E+02   0.1300E-01   0.5705E-02   0.4921E-02
   0.7710E+02   0.1300E-01   0.5952E-02   0.5144E-02
   0.8027E+02   0.1300E-01   0.6204E-02   0.5372E-02
   0.8357E+02   0.1300E-01   0.6461E-02   0.5604E-02
   0.8700E+02   0.1300E-01   0.6722E-02   0.5841E-02
   0.9057E+02   0.1300E-01   0.6988E-02   0.6083E-02
   0.9429E+02   0.1300E-01   0.7260E-02   0.6330E-02
   0.9816E+02   0.1300E-01   0.7538E-02   0.6584E-02
   0.1022E+03   0.1300E-01   0.7822E-02   0.6843E-02
   0.1064E+03   0.1300E-01   0.8109E-02   0.7106E-02
   0.1107E+03   0.1300E-01   0.8400E-02   0.7373E-02
   0.1153E+03   0.1300E-01   0.8693E-02   0.7643E-02
   0.1200E+03   0.1300E-01   0.8991E-02   0.7916E-02
   0.1250E+03   0.1300E-01   0.9291E-02   0.8192E-02
   0.1301E+03   0.1300E-01   0.9595E-02   0.8472E-02
   0.1354E+03   0.1300E-01   0.9901E-02   0.8754E-02
   0.1410E+03   0.1300E-01   0.1021E-01   0.9040E-02
   0.1468E+03   0.1300E-01   0.1053E-01   0.9332E-02
   0.1528E+03   0.1300E-01   0.1084E-01   0.9626E-02
   0.1591E+03   0.1300E-01   0.1116E-01   0.9924E-02
   0.1656E+03   0.1300E-01   0.1149E-01   0.1022E-01
   0.1724E+03   0.1300E-01   0.1181E-01   0.1052E-01
   0.1795E+03   0.1300E-01   0.1213E-01   0.1083E-01
   0.1868E+03   0.1300E-01   0.1246E-01   0.1113E-01
   0.1945E+03   0.1300E-01   0.1278E-01   0.1143E-01
   0.2025E+03   0.1300E-01   0.1310E-01   0.1173E-01
   0.2108E+03   0.1300E-01   0.1344E-01   0.1204E-01
   0.2195E+03   0.1300E-01   0.1377E-01   0.1235E-01
   0.2285E+03   0.1300E-01   0.1411E-01   0.1267E-01
   0.2379E+03   0.1300E-01   0.1444E-01   0.1298E-01
   0.2476E+03   0.1300E-01   0.1477E-01   0.1329E-01
   0.2578E+03   0.1300E-01   0.1510E-01   0.1360E-01
   0.2684E+03   0.1300E-01   0.1543E-01   0.1391E-01
   0.2794E+03   0.1300E-01   0.1576E-01   0.1422E-01
   0.2909E+03   0.1300E-01   0.1609E-01   0.1453E-01
   0.3028E+03   0.1300E-01   0.1641E-01   0.1484E-01
   0.3152E+03   0.1300E-01   0.1675E-01   0.1515E-01
   0.3282E+03   0.1300E-01   0.1708E-01   0.1546E-01
   0.3416E+03   0.1300E-01   0.1741E-01   0.1578E-01
   0.3557E+03   0.1300E-01   0.1774E-01   0.1609E-01
   0.3703E+03   0.1300E-01   0.1807E-01   0.1640E-01
   0.3855E+03   0.1300E-01   0.1840E-01   0.1671E-01
   0.4013E+03   0.1300E-01   0.1872E-01   0.1701E-01
   0.4178E+03   0.1300E-01   0.1904E-01   0.1732E-01
   0.4349E+03   0.1300E-01   0.1935E-01   0.1762E-01
   0.4528E+03   0.1300E-01   0.1967E-01   0.1792E-01
   0.4714E+03   0.1300E-01   0.1999E-01   0.1822E-01
   0.4907E+03   0.1300E-01   0.2031E-01   0.1852E-01
   0.5109E+03   0.1300E-01   0.2063E-01   0.1882E-01
   0.5318E+03   0.1300E-01   0.2094E-01   0.1912E-01
   0.5537E+03   0.1300E-01   0.2126E-01   0.1942E-01
   0.5764E+03   0.1300E-01   0.2156E-01   0.1971E-01
   0.6001E+03   0.1300E-01   0.2187E-01   0.2000E-01
   0.6247E+03   0.1300E-01   0.2217E-01   0.2029E-01
   0.6504E+03   0.1300E-01   0.2247E-01   0.2058E-01
   0.6771E+03   0.1300E-01   0.2277E-01   0.2086E-01
   0.7048E+03   0.1300E-01   0.2306E-01   0.2114E-01
   0.7338E+03   0.1300E-01   0.2336E-01   0.2143E-01
   0.7639E+03   0.1300E-01   0.2366E-01   0.2171E-01
   0.7953E+03   0.1300E-01   0.2395E-01   0.2199E-01
   0.8279E+03   0.1300E-01   0.2425E-01   0.2227E-01
   0.8619E+03   0.1300E-01   0.2454E-01   0.2255E-01
   0.8973E+03   0.1300E-01   0.2482E-01   0.2282E-01
   0.9341E+03   0.1300E-01   0.2510E-01   0.2309E-01
   0.9725E+03   0.1300E-01   0.2538E-01   0.2336E-01
   0.1012E+04   0.1300E-01   0.2566E-01   0.2362E-01
   0.1054E+04   0.1300E-01   0.2593E-01   0.2389E-01
   0.1097E+04   0.1300E-01   0.2621E-01   0.2415E-01
   0.1142E+04   0.1300E-01   0.2649E-01   0.2441E-01
   0.1189E+04   0.1300E-01   0.2676E-01   0.2467E-01
   0.1238E+04   0.1300E-01   0.2703E-01   0.2493E-01
   0.1289E+04   0.1300E-01   0.2730E-01   0.2519E-01
   0.1342E+04   0.1300E-01   0.2756E-01   0.2545E-01
   0.1397E+04   0.1300E-01   0.2782E-01   0.2570E-01
   0.1454E+04   0.1300E-01   0.2808E-01   0.2595E-01
   0.1514E+04   0.1300E-01   0.2834E-01   0.2620E-01
   0.1576E+04   0.1300E-01   0.2859E-01   0.2644E-01
   0.1641E+04   0.1300E-01   0.2885E-01   0.2668E-01
   0.1708E+04   0.1300E-01   0.2911E-01   0.2693E-01
   0.1778E+04   0.1300E-01   0.2936E-01   0.2717E-01
   0.1851E+04   0.1300E-01   0.2961E-01   0.2741E-01
   0.1927E+04   0.1300E-01   0.2986E-01   0.2766E-01
   0.2006E+04   0.1300E-01   0.3010E-01   0.2790E-01
   0.2089E+04   0.1300E-01   0.3034E-01   0.2813E-01
   0.2174E+04   0.1300E-01   0.3059E-01   0.2836E-01
   0.2264E+04   0.1300E-01   0.3083E-01   0.2859E-01
   0.2357E+04   0.1300E-01   0.3107E-01   0.2882E-01
   0.2453E+04   0.1300E-01   0.3131E-01   0.2905E-01
   0.2554E+04   0.1300E-01   0.3154E-01   0.2928E-01
   0.2659E+04   0.1300E-01   0.3178E-01   0.2951E-01
   0.2768E+04   0.1300E-01   0.3201E-01   0.2973E-01
   0.2882E+04   0.1300E-01   0.3223E-01   0.2996E-01
   0.3000E+04   0.1300E-01   0.3246E-01   0.3018E-01
   0.1000E+01   0.3200E-01   0.0000E+00   0.0000E+00
   0.1041E+01   0.3200E-01   0.0000E+00   0.0000E+00
   0.1084E+01   0.3200E-01   0.0000E+00   0.0000E+00
   0.1128E+01   0.3200E-01   0.0000E+00   0.0000E+00
   0.1175E+01   0.3200E-01   0.0000E+00   0.0000E+00
   0.1223E+01   0.3200E-01   0.0000E+00   0.0000E+00
   0.1273E+01   0.3200E-01   0.0000E+00   0.0000E+00
   0.1325E+01   0.3200E-01   0.0000E+00   0.0000E+00
   0.1380E+01   0.3200E-01   0.0000E+00   0.0000E+00
   0.1436E+01   0.3200E-01   0.0000E+00   0.0000E+00
   0.1495E+01   0.3200E-01   0.0000E+00   0.0000E+00
   0.1557E+01   0.3200E-01   0.0000E+00   0.0000E+00
   0.1621E+01   0.3200E-01   0.0000E+00   0.0000E+00
   0.1687E+01   0.3200E-01   0.0000E+00   0.0000E+00
   0.1756E+01   0.3200E-01   0.0000E+00   0.0000E+00
   0.1828E+01   0.3200E-01   0.0000E+00   0.0000E+00
   0.1904E+01   0.3200E-01   0.0000E+00   0.0000E+00
   0.1982E+01   0.3200E-01   0.0000E+00   0.0000E+00
   0.2063E+01   0.3200E-01   0.0000E+00   0.0000E+00
   0.2148E+01   0.3200E-01   0.0000E+00   0.0000E+00
   0.2236E+01   0.3200E-01   0.0000E+00   0.0000E+00
   0.2328E+01   0.3200E-01   0.0000E+00   0.0000E+00
   0.2423E+01   0.3200E-01   0.0000E+00   0.0000E+00
   0.2523E+01   0.3200E-01   0.0000E+00   0.0000E+00
   0.2626E+01   0.3200E-01   0.0000E+00   0.0000E+00
   0.2734E+01   0.3200E-01   0.2490E-11   0.6803E-12
   0.2846E+01   0.3200E-01   0.1108E-10   0.4028E-11
   0.2963E+01   0.3200E-01   0.1524E-10   0.6213E-11
   0.3085E+01   0.3200E-01   0.2335E-10   0.7925E-11
   0.3212E+01   0.3200E-01   0.5837E-10   0.1487E-10
   0.3343E+01   0.3200E-01   0.1589E-09   0.3705E-10
   0.3481E+01   0.3200E-01   0.3988E-09   0.9560E-10
   0.3624E+01   0.3200E-01   0.9050E-09   0.2305E-09
   0.3772E+01   0.3200E-01   0.1887E-08   0.5157E-09
   0.3927E+01   0.3200E-01   0.3665E-08   0.1072E-08
   0.4088E+01   0.3200E-01   0.6722E-08   0.2096E-08
   0.4256E+01   0.3200E-01   0.1176E-07   0.3897E-08
   0.4431E+01   0.3200E-01   0.1978E-07   0.6934E-08
   0.4613E+01   0.3200E-01   0.3212E-07   0.1185E-07
   0.4802E+01   0.3200E-01   0.5058E-07   0.1956E-07
   0.4999E+01   0.3200E-01   0.7759E-07   0.3133E-07
   0.5205E+01   0.3200E-01   0.1162E-06   0.4884E-07
   0.5418E+01   0.3200E-01   0.1703E-06   0.7430E-07
   0.5641E+01   0.3200E-01   0.2448E-06   0.1104E-06
   0.5872E+01   0.3200E-01   0.3456E-06   0.1608E-06
   0.6113E+01   0.3200E-01   0.4800E-06   0.2297E-06
   0.6364E+01   0.3200E-01   0.6566E-06   0.3227E-06
   0.6626E+01   0.3200E-01   0.8858E-06   0.4462E-06
   0.6898E+01   0.3200E-01   0.1180E-05   0.6082E-06
   0.7181E+01   0.3200E-01   0.1552E-05   0.8177E-06
   0.7476E+01   0.3200E-01   0.2020E-05   0.1085E-05
   0.7783E+01   0.3200E-01   0.2601E-05   0.1424E-05
   0.8102E+01   0.3200E-01   0.3316E-05   0.1848E-05
   0.8435E+01   0.3200E-01   0.4189E-05   0.2373E-05
   0.8781E+01   0.3200E-01   0.5247E-05   0.3019E-05
   0.9141E+01   0.3200E-01   0.6519E-05   0.3806E-05
   0.9517E+01   0.3200E-01   0.8039E-05   0.4759E-05
   0.9907E+01   0.3200E-01   0.9839E-05   0.5904E-05
   0.1031E+02   0.3200E-01   0.1196E-04   0.7268E-05
   0.1074E+02   0.3200E-01   0.1444E-04   0.8882E-05
   0.1118E+02   0.3200E-01   0.1732E-04   0.1078E-04
   0.1164E+02   0.3200E-01   0.2067E-04   0.1300E-04
   0.1212E+02   0.3200E-01   0.2453E-04   0.1560E-04
   0.1261E+02   0.3200E-01   0.2896E-04   0.1859E-04
   0.1313E+02   0.3200E-01   0.3402E-04   0.2205E-04
   0.1367E+02   0.3200E-01   0.3978E-04   0.2602E-04
   0.1423E+02   0.3200E-01   0.4629E-04   0.3055E-04
   0.1481E+02   0.3200E-01   0.5363E-04   0.3570E-04
   0.1542E+02   0.3200E-01   0.6188E-04   0.4153E-04
   0.1606E+02   0.3200E-01   0.7110E-04   0.4811E-04
   0.1672E+02   0.3200E-01   0.8138E-04   0.5549E-04
   0.1740E+02   0.3200E-01   0.9281E-04   0.6377E-04
   0.1812E+02   0.3200E-01   0.1055E-03   0.7299E-04
   0.1886E+02   0.3200E-01   0.1195E-03   0.8325E-04
   0.1963E+02   0.3200E-01   0.1349E-03   0.9463E-04
   0.2044E+02   0.3200E-01   0.1518E-03   0.1072E-03
   0.2128E+02   0.3200E-01   0.1703E-03   0.1210E-03
   0.2215E+02   0.3200E-01   0.1904E-03   0.1362E-03
   0.2306E+02   0.3200E-01   0.2124E-03   0.1528E-03
   0.2401E+02   0.3200E-01   0.2362E-03   0.1709E-03
   0.2499E+02   0.3200E-01   0.2619E-03   0.1906E-03
   0.2602E+02   0.3200E-01   0.2898E-03   0.2121E-03
   0.2709E+02   0.3200E-01   0.3198E-03   0.2353E-03
   0.2820E+02   0.3200E-01   0.3521E-03   0.2604E-03
   0.2936E+02   0.3200E-01   0.3868E-03   0.2876E-03
   0.3056E+02   0.3200E-01   0.4239E-03   0.3168E-03
   0.3182E+02   0.3200E-01   0.4636E-03   0.3481E-03
   0.3312E+02   0.3200E-01   0.5058E-03   0.3817E-03
   0.3448E+02   0.3200E-01   0.5507E-03   0.4175E-03
   0.3590E+02   0.3200E-01   0.5985E-03   0.4558E-03
   0.3737E+02   0.3200E-01   0.6490E-03   0.4964E-03
   0.3891E+02   0.3200E-01   0.7024E-03   0.5396E-03
   0.4051E+02   0.3200E-01   0.7588E-03   0.5854E-03
   0.4217E+02   0.3200E-01   0.8182E-03   0.6338E-03
   0.4390E+02   0.3200E-01   0.8806E-03   0.6849E-03
   0.4570E+02   0.3200E-01   0.9461E-03   0.7388E-03
   0.4758E+02   0.3200E-01   0.1015E-02   0.7956E-03
   0.4953E+02   0.3200E-01   0.1087E-02   0.8554E-03
   0.5156E+02   0.3200E-01   0.1162E-02   0.9182E-03
   0.5368E+02   0.3200E-01   0.1241E-02   0.9840E-03
   0.5589E+02   0.3200E-01   0.1323E-02   0.1053E-02
   0.5818E+02   0.3200E-01   0.1408E-02   0.1124E-02
   0.6057E+02   0.3200E-01   0.1497E-02   0.1199E-02
   0.6305E+02   0.3200E-01   0.1588E-02   0.1277E-02
   0.6564E+02   0.3200E-01   0.1683E-02   0.1357E-02
   0.6834E+02   0.3200E-01   0.1781E-02   0.1441E-02
   0.7114E+02   0.3200E-01   0.1883E-02   0.1528E-02
   0.7406E+02   0.3200E-01   0.1987E-02   0.1617E-02
   0.7710E+02   0.3200E-01   0.2094E-02   0.1710E-02
   0.8027E+02   0.3200E-01   0.2204E-02   0.1805E-02
   0.8357E+02   0.3200E-01   0.2318E-02   0.1903E-02
   0.8700E+02   0.3200E-01   0.2434E-02   0.2004E-02
   0.9057E+02   0.3200E-01   0.2553E-02   0.2108E-02
   0.9429E+02   0.3200E-01   0.2674E-02   0.2214E-02
   0.9816E+02   0.3200E-01   0.2799E-02   0.2324E-02
   0.1022E+03   0.3200E-01   0.2927E-02   0.2436E-02
   0.1064E+03   0.3200E-01   0.3057E-02   0.2551E-02
   0.1107E+03   0.3200E-01   0.3189E-02   0.2668E-02
   0.1153E+03   0.3200E-01   0.3323E-02   0.2787E-02
   0.1200E+03   0.3200E-01   0.3459E-02   0.2908E-02
   0.1250E+03   0.3200E-01   0.3597E-02   0.3031E-02
   0.1301E+03   0.3200E-01   0.3736E-02   0.3155E-02
   0.1354E+03   0.3200E-01   0.3876E-02   0.3281E-02
   0.1410E+03   0.3200E-01   0.4019E-02   0.3409E-02
   0.1468E+03   0.3200E-01   0.4165E-02   0.3541E-02
   0.1528E+03   0.3200E-01   0.4312E-02   0.3674E-02
   0.1591E+03   0.3200E-01   0.4461E-02   0.3809E-02
   0.1656E+03   0.3200E-01   0.4611E-02   0.3945E-02
   0.1724E+03   0.3200E-01   0.4761E-02   0.4082E-02
   0.1795E+03   0.3200E-01   0.4912E-02   0.4219E-02
   0.1868E+03   0.3200E-01   0.5063E-02   0.4357E-02
   0.1945E+03   0.3200E-01   0.5214E-02   0.4495E-02
   0.2025E+03   0.3200E-01   0.5365E-02   0.4634E-02
   0.2108E+03   0.3200E-01   0.5520E-02   0.4776E-02
   0.2195E+03   0.3200E-01   0.5674E-02   0.4918E-02
   0.2285E+03   0.3200E-01   0.5828E-02   0.5060E-02
   0.2379E+03   0.3200E-01   0.5983E-02   0.5204E-02
   0.2476E+03   0.3200E-01   0.6138E-02   0.5348E-02
   0.2578E+03   0.3200E-01   0.6293E-02   0.5492E-02
   0.2684E+03   0.3200E-01   0.6446E-02   0.5635E-02
   0.2794E+03   0.3200E-01   0.6599E-02   0.5778E-02
   0.2909E+03   0.3200E-01   0.6751E-02   0.5920E-02
   0.3028E+03   0.3200E-01   0.6904E-02   0.6063E-02
   0.3152E+03   0.3200E-01   0.7059E-02   0.6207E-02
   0.3282E+03   0.3200E-01   0.7212E-02   0.6351E-02
   0.3416E+03   0.3200E-01   0.7364E-02   0.6494E-02
   0.3557E+03   0.3200E-01   0.7514E-02   0.6636E-02
   0.3703E+03   0.3200E-01   0.7664E-02   0.6778E-02
   0.3855E+03   0.3200E-01   0.7814E-02   0.6920E-02
   0.4013E+03   0.3200E-01   0.7961E-02   0.7061E-02
   0.4178E+03   0.3200E-01   0.8108E-02   0.7201E-02
   0.4349E+03   0.3200E-01   0.8253E-02   0.7340E-02
   0.4528E+03   0.3200E-01   0.8400E-02   0.7479E-02
   0.4714E+03   0.3200E-01   0.8547E-02   0.7619E-02
   0.4907E+03   0.3200E-01   0.8692E-02   0.7757E-02
   0.5109E+03   0.3200E-01   0.8836E-02   0.7894E-02
   0.5318E+03   0.3200E-01   0.8977E-02   0.8029E-02
   0.5537E+03   0.3200E-01   0.9117E-02   0.8163E-02
   0.5764E+03   0.3200E-01   0.9255E-02   0.8297E-02
   0.6001E+03   0.3200E-01   0.9392E-02   0.8430E-02
   0.6247E+03   0.3200E-01   0.9526E-02   0.8562E-02
   0.6504E+03   0.3200E-01   0.9661E-02   0.8692E-02
   0.6771E+03   0.3200E-01   0.9796E-02   0.8822E-02
   0.7048E+03   0.3200E-01   0.9931E-02   0.8952E-02
   0.7338E+03   0.3200E-01   0.1007E-01   0.9081E-02
   0.7639E+03   0.3200E-01   0.1020E-01   0.9208E-02
   0.7953E+03   0.3200E-01   0.1033E-01   0.9334E-02
   0.8279E+03   0.3200E-01   0.1045E-01   0.9458E-02
   0.8619E+03   0.3200E-01   0.1058E-01   0.9582E-02
   0.8973E+03   0.3200E-01   0.1070E-01   0.9705E-02
   0.9341E+03   0.3200E-01   0.1082E-01   0.9827E-02
   0.9725E+03   0.3200E-01   0.1095E-01   0.9948E-02
   0.1012E+04   0.3200E-01   0.1107E-01   0.1007E-01
   0.1054E+04   0.3200E-01   0.1119E-01   0.1019E-01
   0.1097E+04   0.3200E-01   0.1132E-01   0.1031E-01
   0.1142E+04   0.3200E-01   0.1144E-01   0.1042E-01
   0.1189E+04   0.3200E-01   0.1155E-01   0.1054E-01
   0.1238E+04   0.3200E-01   0.1167E-01   0.1065E-01
   0.1289E+04   0.3200E-01   0.1178E-01   0.1077E-01
   0.1342E+04   0.3200E-01   0.1189E-01   0.1088E-01
   0.1397E+04   0.3200E-01   0.1200E-01   0.1099E-01
   0.1454E+04   0.3200E-01   0.1212E-01   0.1110E-01
   0.1514E+04   0.3200E-01   0.1223E-01   0.1121E-01
   0.1576E+04   0.3200E-01   0.1234E-01   0.1132E-01
   0.1641E+04   0.3200E-01   0.1245E-01   0.1143E-01
   0.1708E+04   0.3200E-01   0.1256E-01   0.1154E-01
   0.1778E+04   0.3200E-01   0.1266E-01   0.1164E-01
   0.1851E+04   0.3200E-01   0.1277E-01   0.1175E-01
   0.1927E+04   0.3200E-01   0.1287E-01   0.1185E-01
   0.2006E+04   0.3200E-01   0.1297E-01   0.1196E-01
   0.2089E+04   0.3200E-01   0.1307E-01   0.1206E-01
   0.2174E+04   0.3200E-01   0.1317E-01   0.1216E-01
   0.2264E+04   0.3200E-01   0.1327E-01   0.1226E-01
   0.2357E+04   0.3200E-01   0.1338E-01   0.1236E-01
   0.2453E+04   0.3200E-01   0.1348E-01   0.1246E-01
   0.2554E+04   0.3200E-01   0.1358E-01   0.1256E-01
   0.2659E+04   0.3200E-01   0.1367E-01   0.1266E-01
   0.2768E+04   0.3200E-01   0.1377E-01   0.1276E-01
   0.2882E+04   0.3200E-01   0.1386E-01   0.1286E-01
   0.3000E+04   0.3200E-01   0.1395E-01   0.1296E-01
