     0.200000E+02    0.658780E-03    0.000000E+00
     0.212423E+02    0.743737E-03    0.000000E+00
     0.225617E+02    0.836926E-03    0.000000E+00
     0.239630E+02    0.938944E-03    0.000000E+00
     0.254515E+02    0.105014E-02    0.000000E+00
     0.270323E+02    0.117104E-02    0.000000E+00
     0.287114E+02    0.130218E-02    0.000000E+00
     0.304947E+02    0.144382E-02    0.000000E+00
     0.323888E+02    0.159606E-02    0.000000E+00
     0.344006E+02    0.175942E-02    0.000000E+00
     0.365373E+02    0.193425E-02    0.000000E+00
     0.388067E+02    0.212092E-02    0.000000E+00
     0.412171E+02    0.231982E-02    0.000000E+00
     0.437772E+02    0.253152E-02    0.000000E+00
     0.464964E+02    0.275588E-02    0.000000E+00
     0.493844E+02    0.299298E-02    0.000000E+00
     0.524518E+02    0.324351E-02    0.000000E+00
     0.557097E+02    0.350716E-02    0.000000E+00
     0.591700E+02    0.378366E-02    0.000000E+00
     0.628452E+02    0.407231E-02    0.000000E+00
     0.667487E+02    0.437377E-02    0.000000E+00
     0.708947E+02    0.468831E-02    0.000000E+00
     0.752981E+02    0.501510E-02    0.000000E+00
     0.799751E+02    0.535415E-02    0.000000E+00
     0.849426E+02    0.570379E-02    0.000000E+00
     0.902186E+02    0.606342E-02    0.000000E+00
     0.958223E+02    0.643550E-02    0.000000E+00
     0.101774E+03    0.682102E-02    0.000000E+00
     0.108096E+03    0.721610E-02    0.000000E+00
     0.114810E+03    0.761880E-02    0.000000E+00
     0.121941E+03    0.802890E-02    0.000000E+00
     0.129515E+03    0.844652E-02    0.000000E+00
     0.137560E+03    0.886909E-02    0.000000E+00
     0.146104E+03    0.930467E-02    0.000000E+00
     0.155179E+03    0.974715E-02    0.000000E+00
     0.164817E+03    0.101954E-01    0.000000E+00
     0.175054E+03    0.106466E-01    0.000000E+00
     0.185928E+03    0.110991E-01    0.000000E+00
     0.197476E+03    0.115509E-01    0.000000E+00
     0.209742E+03    0.120123E-01    0.000000E+00
     0.222770E+03    0.124800E-01    0.000000E+00
     0.236606E+03    0.129481E-01    0.000000E+00
     0.251303E+03    0.134159E-01    0.000000E+00
     0.266912E+03    0.138829E-01    0.000000E+00
     0.283490E+03    0.143467E-01    0.000000E+00
     0.301099E+03    0.148079E-01    0.000000E+00
     0.319801E+03    0.152756E-01    0.000000E+00
     0.339665E+03    0.157448E-01    0.000000E+00
     0.360762E+03    0.162116E-01    0.000000E+00
     0.383170E+03    0.166747E-01    0.000000E+00
     0.406970E+03    0.171340E-01    0.000000E+00
     0.432248E+03    0.175880E-01    0.000000E+00
     0.459096E+03    0.180384E-01    0.000000E+00
     0.487612E+03    0.184884E-01    0.000000E+00
     0.517899E+03    0.189390E-01    0.000000E+00
     0.550067E+03    0.193850E-01    0.000000E+00
     0.584233E+03    0.198259E-01    0.000000E+00
     0.620521E+03    0.202620E-01    0.000000E+00
     0.659064E+03    0.206918E-01    0.000000E+00
     0.700000E+03    0.211146E-01    0.000000E+00
