     0.220000E+02    0.133559E-03    0.000000E+00
     0.239113E+02    0.169107E-03    0.000000E+00
     0.259887E+02    0.211525E-03    0.000000E+00
     0.282466E+02    0.261647E-03    0.000000E+00
     0.307007E+02    0.320338E-03    0.000000E+00
     0.333679E+02    0.388218E-03    0.000000E+00
     0.362669E+02    0.466076E-03    0.000000E+00
     0.394178E+02    0.554449E-03    0.000000E+00
     0.428424E+02    0.653966E-03    0.000000E+00
     0.465645E+02    0.765219E-03    0.000000E+00
     0.506100E+02    0.889157E-03    0.000000E+00
     0.550069E+02    0.102589E-02    0.000000E+00
     0.597859E+02    0.117531E-02    0.000000E+00
     0.649800E+02    0.133749E-02    0.000000E+00
     0.706255E+02    0.151258E-02    0.000000E+00
     0.767614E+02    0.170004E-02    0.000000E+00
     0.834303E+02    0.190022E-02    0.000000E+00
     0.906787E+02    0.211217E-02    0.000000E+00
     0.985568E+02    0.233668E-02    0.000000E+00
     0.107119E+03    0.257246E-02    0.000000E+00
     0.116426E+03    0.281773E-02    0.000000E+00
     0.126541E+03    0.307102E-02    0.000000E+00
     0.137535E+03    0.333142E-02    0.000000E+00
     0.149484E+03    0.360322E-02    0.000000E+00
     0.162471E+03    0.388276E-02    0.000000E+00
     0.176586E+03    0.416589E-02    0.000000E+00
     0.191928E+03    0.445196E-02    0.000000E+00
     0.208602E+03    0.474122E-02    0.000000E+00
     0.226725E+03    0.503612E-02    0.000000E+00
     0.246423E+03    0.533381E-02    0.000000E+00
     0.267832E+03    0.563153E-02    0.000000E+00
     0.291101E+03    0.592697E-02    0.000000E+00
     0.316392E+03    0.622453E-02    0.000000E+00
     0.343880E+03    0.652110E-02    0.000000E+00
     0.373756E+03    0.681560E-02    0.000000E+00
     0.406227E+03    0.710802E-02    0.000000E+00
     0.441520E+03    0.739627E-02    0.000000E+00
     0.479879E+03    0.768468E-02    0.000000E+00
     0.521571E+03    0.796818E-02    0.000000E+00
     0.566885E+03    0.824668E-02    0.000000E+00
     0.616135E+03    0.852153E-02    0.000000E+00
     0.669665E+03    0.879208E-02    0.000000E+00
     0.727845E+03    0.906055E-02    0.000000E+00
     0.791079E+03    0.932320E-02    0.000000E+00
     0.859808E+03    0.958105E-02    0.000000E+00
     0.934507E+03    0.983501E-02    0.000000E+00
     0.101570E+04    0.100836E-01    0.000000E+00
     0.110394E+04    0.103301E-01    0.000000E+00
     0.119985E+04    0.105709E-01    0.000000E+00
     0.130409E+04    0.108076E-01    0.000000E+00
     0.141739E+04    0.110397E-01    0.000000E+00
     0.154053E+04    0.112672E-01    0.000000E+00
     0.167437E+04    0.114921E-01    0.000000E+00
     0.181984E+04    0.117122E-01    0.000000E+00
     0.197795E+04    0.119295E-01    0.000000E+00
     0.214979E+04    0.121409E-01    0.000000E+00
     0.233656E+04    0.123510E-01    0.000000E+00
     0.253956E+04    0.125593E-01    0.000000E+00
     0.276020E+04    0.127638E-01    0.000000E+00
     0.300000E+04    0.129645E-01    0.000000E+00
