     0.120000E+02    0.199737E-02    0.000000E+00
     0.125861E+02    0.215003E-02    0.000000E+00
     0.132008E+02    0.231241E-02    0.000000E+00
     0.138455E+02    0.248515E-02    0.000000E+00
     0.145217E+02    0.266830E-02    0.000000E+00
     0.152310E+02    0.286255E-02    0.000000E+00
     0.159749E+02    0.306843E-02    0.000000E+00
     0.167551E+02    0.328653E-02    0.000000E+00
     0.175734E+02    0.351733E-02    0.000000E+00
     0.184317E+02    0.376139E-02    0.000000E+00
     0.193319E+02    0.401925E-02    0.000000E+00
     0.202761E+02    0.429146E-02    0.000000E+00
     0.212663E+02    0.457755E-02    0.000000E+00
     0.223050E+02    0.487883E-02    0.000000E+00
     0.233944E+02    0.519586E-02    0.000000E+00
     0.245370E+02    0.552948E-02    0.000000E+00
     0.257353E+02    0.587987E-02    0.000000E+00
     0.269923E+02    0.624758E-02    0.000000E+00
     0.283106E+02    0.663314E-02    0.000000E+00
     0.296933E+02    0.703707E-02    0.000000E+00
     0.311435E+02    0.745868E-02    0.000000E+00
     0.326645E+02    0.790026E-02    0.000000E+00
     0.342599E+02    0.836139E-02    0.000000E+00
     0.359331E+02    0.884243E-02    0.000000E+00
     0.376881E+02    0.934322E-02    0.000000E+00
     0.395288E+02    0.986451E-02    0.000000E+00
     0.414594E+02    0.104066E-01    0.000000E+00
     0.434843E+02    0.109700E-01    0.000000E+00
     0.456081E+02    0.115547E-01    0.000000E+00
     0.478356E+02    0.121604E-01    0.000000E+00
     0.501719E+02    0.127871E-01    0.000000E+00
     0.526223E+02    0.134364E-01    0.000000E+00
     0.551923E+02    0.141074E-01    0.000000E+00
     0.578880E+02    0.147996E-01    0.000000E+00
     0.607152E+02    0.155120E-01    0.000000E+00
     0.636805E+02    0.162463E-01    0.000000E+00
     0.667907E+02    0.170066E-01    0.000000E+00
     0.700528E+02    0.177888E-01    0.000000E+00
     0.734742E+02    0.185918E-01    0.000000E+00
     0.770627E+02    0.194137E-01    0.000000E+00
     0.808264E+02    0.202529E-01    0.000000E+00
     0.847740E+02    0.211096E-01    0.000000E+00
     0.889144E+02    0.219822E-01    0.000000E+00
     0.932569E+02    0.228695E-01    0.000000E+00
     0.978116E+02    0.237861E-01    0.000000E+00
     0.102589E+03    0.247271E-01    0.000000E+00
     0.107599E+03    0.256837E-01    0.000000E+00
     0.112854E+03    0.266561E-01    0.000000E+00
     0.118366E+03    0.276454E-01    0.000000E+00
     0.124147E+03    0.286471E-01    0.000000E+00
     0.130211E+03    0.296589E-01    0.000000E+00
     0.136570E+03    0.306780E-01    0.000000E+00
     0.143240E+03    0.317194E-01    0.000000E+00
     0.150236E+03    0.327767E-01    0.000000E+00
     0.157574E+03    0.338429E-01    0.000000E+00
     0.165270E+03    0.349155E-01    0.000000E+00
     0.173341E+03    0.360058E-01    0.000000E+00
     0.181807E+03    0.371041E-01    0.000000E+00
     0.190687E+03    0.382067E-01    0.000000E+00
     0.200000E+03    0.393126E-01    0.000000E+00
