     0.120000E+02    0.246438E-02    0.000000E+00
     0.125861E+02    0.264476E-02    0.000000E+00
     0.132008E+02    0.283609E-02    0.000000E+00
     0.138455E+02    0.303902E-02    0.000000E+00
     0.145217E+02    0.325363E-02    0.000000E+00
     0.152310E+02    0.348064E-02    0.000000E+00
     0.159749E+02    0.372058E-02    0.000000E+00
     0.167551E+02    0.397405E-02    0.000000E+00
     0.175734E+02    0.424157E-02    0.000000E+00
     0.184317E+02    0.452367E-02    0.000000E+00
     0.193319E+02    0.482090E-02    0.000000E+00
     0.202761E+02    0.513382E-02    0.000000E+00
     0.212663E+02    0.546192E-02    0.000000E+00
     0.223050E+02    0.580653E-02    0.000000E+00
     0.233944E+02    0.616818E-02    0.000000E+00
     0.245370E+02    0.654770E-02    0.000000E+00
     0.257353E+02    0.694523E-02    0.000000E+00
     0.269923E+02    0.736129E-02    0.000000E+00
     0.283106E+02    0.779638E-02    0.000000E+00
     0.296933E+02    0.825097E-02    0.000000E+00
     0.311435E+02    0.872431E-02    0.000000E+00
     0.326645E+02    0.921864E-02    0.000000E+00
     0.342599E+02    0.973345E-02    0.000000E+00
     0.359331E+02    0.102690E-01    0.000000E+00
     0.376881E+02    0.108251E-01    0.000000E+00
     0.395288E+02    0.114024E-01    0.000000E+00
     0.414594E+02    0.120010E-01    0.000000E+00
     0.434843E+02    0.126214E-01    0.000000E+00
     0.456081E+02    0.132634E-01    0.000000E+00
     0.478356E+02    0.139266E-01    0.000000E+00
     0.501719E+02    0.146110E-01    0.000000E+00
     0.526223E+02    0.153179E-01    0.000000E+00
     0.551923E+02    0.160465E-01    0.000000E+00
     0.578880E+02    0.167960E-01    0.000000E+00
     0.607152E+02    0.175655E-01    0.000000E+00
     0.636805E+02    0.183564E-01    0.000000E+00
     0.667907E+02    0.191728E-01    0.000000E+00
     0.700528E+02    0.200104E-01    0.000000E+00
     0.734742E+02    0.208680E-01    0.000000E+00
     0.770627E+02    0.217435E-01    0.000000E+00
     0.808264E+02    0.226352E-01    0.000000E+00
     0.847740E+02    0.235432E-01    0.000000E+00
     0.889144E+02    0.244658E-01    0.000000E+00
     0.932569E+02    0.254016E-01    0.000000E+00
     0.978116E+02    0.263651E-01    0.000000E+00
     0.102589E+03    0.273513E-01    0.000000E+00
     0.107599E+03    0.283513E-01    0.000000E+00
     0.112854E+03    0.293654E-01    0.000000E+00
     0.118366E+03    0.303945E-01    0.000000E+00
     0.124147E+03    0.314342E-01    0.000000E+00
     0.130211E+03    0.324819E-01    0.000000E+00
     0.136570E+03    0.335351E-01    0.000000E+00
     0.143240E+03    0.346087E-01    0.000000E+00
     0.150236E+03    0.356962E-01    0.000000E+00
     0.157574E+03    0.367906E-01    0.000000E+00
     0.165270E+03    0.378895E-01    0.000000E+00
     0.173341E+03    0.390042E-01    0.000000E+00
     0.181807E+03    0.401249E-01    0.000000E+00
     0.190687E+03    0.412480E-01    0.000000E+00
     0.200000E+03    0.423726E-01    0.000000E+00
