     0.120000E+02    0.328516E-02    0.000000E+00
     0.123641E+02    0.342692E-02    0.000000E+00
     0.127393E+02    0.357388E-02    0.000000E+00
     0.131258E+02    0.372619E-02    0.000000E+00
     0.135241E+02    0.388401E-02    0.000000E+00
     0.139344E+02    0.404739E-02    0.000000E+00
     0.143572E+02    0.421628E-02    0.000000E+00
     0.147929E+02    0.439105E-02    0.000000E+00
     0.152417E+02    0.457194E-02    0.000000E+00
     0.157042E+02    0.475920E-02    0.000000E+00
     0.161807E+02    0.495286E-02    0.000000E+00
     0.166717E+02    0.515297E-02    0.000000E+00
     0.171775E+02    0.535973E-02    0.000000E+00
     0.176987E+02    0.557350E-02    0.000000E+00
     0.182358E+02    0.579442E-02    0.000000E+00
     0.187891E+02    0.602258E-02    0.000000E+00
     0.193592E+02    0.625816E-02    0.000000E+00
     0.199466E+02    0.650133E-02    0.000000E+00
     0.205518E+02    0.675183E-02    0.000000E+00
     0.211754E+02    0.700966E-02    0.000000E+00
     0.218180E+02    0.727538E-02    0.000000E+00
     0.224800E+02    0.754913E-02    0.000000E+00
     0.231621E+02    0.783106E-02    0.000000E+00
     0.238649E+02    0.812193E-02    0.000000E+00
     0.245890E+02    0.842157E-02    0.000000E+00
     0.253351E+02    0.873000E-02    0.000000E+00
     0.261038E+02    0.904734E-02    0.000000E+00
     0.268959E+02    0.937375E-02    0.000000E+00
     0.277120E+02    0.970942E-02    0.000000E+00
     0.285528E+02    0.100545E-01    0.000000E+00
     0.294192E+02    0.104090E-01    0.000000E+00
     0.303118E+02    0.107723E-01    0.000000E+00
     0.312316E+02    0.111447E-01    0.000000E+00
     0.321792E+02    0.115268E-01    0.000000E+00
     0.331556E+02    0.119188E-01    0.000000E+00
     0.341616E+02    0.123207E-01    0.000000E+00
     0.351982E+02    0.127326E-01    0.000000E+00
     0.362662E+02    0.131546E-01    0.000000E+00
     0.373666E+02    0.135868E-01    0.000000E+00
     0.385004E+02    0.140291E-01    0.000000E+00
     0.396686E+02    0.144818E-01    0.000000E+00
     0.408722E+02    0.149448E-01    0.000000E+00
     0.421124E+02    0.154191E-01    0.000000E+00
     0.433902E+02    0.159042E-01    0.000000E+00
     0.447068E+02    0.163994E-01    0.000000E+00
     0.460633E+02    0.169049E-01    0.000000E+00
     0.474610E+02    0.174208E-01    0.000000E+00
     0.489011E+02    0.179471E-01    0.000000E+00
     0.503849E+02    0.184847E-01    0.000000E+00
     0.519137E+02    0.190338E-01    0.000000E+00
     0.534889E+02    0.195934E-01    0.000000E+00
     0.551118E+02    0.201637E-01    0.000000E+00
     0.567841E+02    0.207444E-01    0.000000E+00
     0.585070E+02    0.213352E-01    0.000000E+00
     0.602823E+02    0.219360E-01    0.000000E+00
     0.621114E+02    0.225468E-01    0.000000E+00
     0.639960E+02    0.231674E-01    0.000000E+00
     0.659378E+02    0.238007E-01    0.000000E+00
     0.679386E+02    0.244435E-01    0.000000E+00
     0.700000E+02    0.250961E-01    0.000000E+00
