     0.250000E+01    0.122241E-02    0.000000E+00
     0.254978E+01    0.125826E-02    0.000000E+00
     0.260054E+01    0.129511E-02    0.000000E+00
     0.265232E+01    0.133297E-02    0.000000E+00
     0.270513E+01    0.137187E-02    0.000000E+00
     0.275898E+01    0.141183E-02    0.000000E+00
     0.281392E+01    0.145293E-02    0.000000E+00
     0.286994E+01    0.149515E-02    0.000000E+00
     0.292708E+01    0.153852E-02    0.000000E+00
     0.298536E+01    0.158308E-02    0.000000E+00
     0.304480E+01    0.162883E-02    0.000000E+00
     0.310542E+01    0.167580E-02    0.000000E+00
     0.316725E+01    0.172404E-02    0.000000E+00
     0.323031E+01    0.177359E-02    0.000000E+00
     0.329463E+01    0.182448E-02    0.000000E+00
     0.336022E+01    0.187674E-02    0.000000E+00
     0.342712E+01    0.193040E-02    0.000000E+00
     0.349536E+01    0.198551E-02    0.000000E+00
     0.356495E+01    0.204210E-02    0.000000E+00
     0.363593E+01    0.210020E-02    0.000000E+00
     0.370832E+01    0.215985E-02    0.000000E+00
     0.378215E+01    0.222110E-02    0.000000E+00
     0.385746E+01    0.228401E-02    0.000000E+00
     0.393426E+01    0.234865E-02    0.000000E+00
     0.401259E+01    0.241502E-02    0.000000E+00
     0.409248E+01    0.248314E-02    0.000000E+00
     0.417396E+01    0.255308E-02    0.000000E+00
     0.425707E+01    0.262487E-02    0.000000E+00
     0.434182E+01    0.269855E-02    0.000000E+00
     0.442827E+01    0.277415E-02    0.000000E+00
     0.451644E+01    0.285172E-02    0.000000E+00
     0.460636E+01    0.293134E-02    0.000000E+00
     0.469807E+01    0.301303E-02    0.000000E+00
     0.479161E+01    0.309686E-02    0.000000E+00
     0.488701E+01    0.318288E-02    0.000000E+00
     0.498431E+01    0.327113E-02    0.000000E+00
     0.508355E+01    0.336168E-02    0.000000E+00
     0.518476E+01    0.345458E-02    0.000000E+00
     0.528799E+01    0.354988E-02    0.000000E+00
     0.539328E+01    0.364764E-02    0.000000E+00
     0.550066E+01    0.374792E-02    0.000000E+00
     0.561018E+01    0.385078E-02    0.000000E+00
     0.572187E+01    0.395629E-02    0.000000E+00
     0.583580E+01    0.406450E-02    0.000000E+00
     0.595199E+01    0.417546E-02    0.000000E+00
     0.607049E+01    0.428925E-02    0.000000E+00
     0.619136E+01    0.440593E-02    0.000000E+00
     0.631463E+01    0.452557E-02    0.000000E+00
     0.644035E+01    0.464822E-02    0.000000E+00
     0.656858E+01    0.477387E-02    0.000000E+00
     0.669936E+01    0.490269E-02    0.000000E+00
     0.683274E+01    0.503472E-02    0.000000E+00
     0.696878E+01    0.517006E-02    0.000000E+00
     0.710753E+01    0.530876E-02    0.000000E+00
     0.724904E+01    0.545092E-02    0.000000E+00
     0.739337E+01    0.559657E-02    0.000000E+00
     0.754057E+01    0.574579E-02    0.000000E+00
     0.769071E+01    0.589863E-02    0.000000E+00
     0.784383E+01    0.605521E-02    0.000000E+00
     0.800000E+01    0.621562E-02    0.000000E+00
