     0.220000E+02    0.206315E-03    0.000000E+00
     0.239113E+02    0.257095E-03    0.000000E+00
     0.259887E+02    0.316686E-03    0.000000E+00
     0.282466E+02    0.385945E-03    0.000000E+00
     0.307007E+02    0.465718E-03    0.000000E+00
     0.333679E+02    0.556561E-03    0.000000E+00
     0.362669E+02    0.659160E-03    0.000000E+00
     0.394178E+02    0.773901E-03    0.000000E+00
     0.428424E+02    0.901223E-03    0.000000E+00
     0.465645E+02    0.104149E-02    0.000000E+00
     0.506100E+02    0.119541E-02    0.000000E+00
     0.550069E+02    0.136277E-02    0.000000E+00
     0.597859E+02    0.154315E-02    0.000000E+00
     0.649800E+02    0.173625E-02    0.000000E+00
     0.706255E+02    0.194185E-02    0.000000E+00
     0.767614E+02    0.215905E-02    0.000000E+00
     0.834303E+02    0.238785E-02    0.000000E+00
     0.906787E+02    0.262695E-02    0.000000E+00
     0.985568E+02    0.287683E-02    0.000000E+00
     0.107119E+03    0.313585E-02    0.000000E+00
     0.116426E+03    0.340198E-02    0.000000E+00
     0.126541E+03    0.367352E-02    0.000000E+00
     0.137535E+03    0.394938E-02    0.000000E+00
     0.149484E+03    0.423372E-02    0.000000E+00
     0.162471E+03    0.452279E-02    0.000000E+00
     0.176586E+03    0.481236E-02    0.000000E+00
     0.191928E+03    0.510179E-02    0.000000E+00
     0.208602E+03    0.539136E-02    0.000000E+00
     0.226725E+03    0.568356E-02    0.000000E+00
     0.246423E+03    0.597567E-02    0.000000E+00
     0.267832E+03    0.626500E-02    0.000000E+00
     0.291101E+03    0.654935E-02    0.000000E+00
     0.316392E+03    0.683327E-02    0.000000E+00
     0.343880E+03    0.711386E-02    0.000000E+00
     0.373756E+03    0.739035E-02    0.000000E+00
     0.406227E+03    0.766292E-02    0.000000E+00
     0.441520E+03    0.792957E-02    0.000000E+00
     0.479879E+03    0.819483E-02    0.000000E+00
     0.521571E+03    0.845388E-02    0.000000E+00
     0.566885E+03    0.870691E-02    0.000000E+00
     0.616135E+03    0.895540E-02    0.000000E+00
     0.669665E+03    0.919865E-02    0.000000E+00
     0.727845E+03    0.943889E-02    0.000000E+00
     0.791079E+03    0.967255E-02    0.000000E+00
     0.859808E+03    0.990097E-02    0.000000E+00
     0.934507E+03    0.101253E-01    0.000000E+00
     0.101570E+04    0.103440E-01    0.000000E+00
     0.110394E+04    0.105604E-01    0.000000E+00
     0.119985E+04    0.107709E-01    0.000000E+00
     0.130409E+04    0.109772E-01    0.000000E+00
     0.141739E+04    0.111787E-01    0.000000E+00
     0.154053E+04    0.113751E-01    0.000000E+00
     0.167437E+04    0.115686E-01    0.000000E+00
     0.181984E+04    0.117573E-01    0.000000E+00
     0.197795E+04    0.119435E-01    0.000000E+00
     0.214979E+04    0.121239E-01    0.000000E+00
     0.233656E+04    0.123027E-01    0.000000E+00
     0.253956E+04    0.124792E-01    0.000000E+00
     0.276020E+04    0.126516E-01    0.000000E+00
     0.300000E+04    0.128200E-01    0.000000E+00
