     0.120000E+02    0.853276E-03    0.000000E+00
     0.126338E+02    0.939017E-03    0.000000E+00
     0.133010E+02    0.103172E-02    0.000000E+00
     0.140035E+02    0.113169E-02    0.000000E+00
     0.147431E+02    0.123923E-02    0.000000E+00
     0.155217E+02    0.135487E-02    0.000000E+00
     0.163415E+02    0.147894E-02    0.000000E+00
     0.172046E+02    0.161189E-02    0.000000E+00
     0.181132E+02    0.175430E-02    0.000000E+00
     0.190699E+02    0.190661E-02    0.000000E+00
     0.200770E+02    0.206923E-02    0.000000E+00
     0.211374E+02    0.224237E-02    0.000000E+00
     0.222538E+02    0.242663E-02    0.000000E+00
     0.234291E+02    0.262245E-02    0.000000E+00
     0.246665E+02    0.283026E-02    0.000000E+00
     0.259692E+02    0.305041E-02    0.000000E+00
     0.273408E+02    0.328375E-02    0.000000E+00
     0.287848E+02    0.353071E-02    0.000000E+00
     0.303050E+02    0.379125E-02    0.000000E+00
     0.319056E+02    0.406538E-02    0.000000E+00
     0.335906E+02    0.435390E-02    0.000000E+00
     0.353647E+02    0.465725E-02    0.000000E+00
     0.372325E+02    0.497542E-02    0.000000E+00
     0.391989E+02    0.530837E-02    0.000000E+00
     0.412691E+02    0.565736E-02    0.000000E+00
     0.434488E+02    0.602260E-02    0.000000E+00
     0.457435E+02    0.640355E-02    0.000000E+00
     0.481594E+02    0.680030E-02    0.000000E+00
     0.507029E+02    0.721291E-02    0.000000E+00
     0.533808E+02    0.764147E-02    0.000000E+00
     0.562000E+02    0.808699E-02    0.000000E+00
     0.591682E+02    0.854811E-02    0.000000E+00
     0.622931E+02    0.902472E-02    0.000000E+00
     0.655831E+02    0.951776E-02    0.000000E+00
     0.690469E+02    0.100277E-01    0.000000E+00
     0.726935E+02    0.105528E-01    0.000000E+00
     0.765328E+02    0.110921E-01    0.000000E+00
     0.805748E+02    0.116469E-01    0.000000E+00
     0.848304E+02    0.122154E-01    0.000000E+00
     0.893106E+02    0.127956E-01    0.000000E+00
     0.940275E+02    0.133867E-01    0.000000E+00
     0.989935E+02    0.140008E-01    0.000000E+00
     0.104222E+03    0.146286E-01    0.000000E+00
     0.109726E+03    0.152666E-01    0.000000E+00
     0.115521E+03    0.159147E-01    0.000000E+00
     0.121623E+03    0.165714E-01    0.000000E+00
     0.128046E+03    0.172348E-01    0.000000E+00
     0.134809E+03    0.179034E-01    0.000000E+00
     0.141929E+03    0.185898E-01    0.000000E+00
     0.149424E+03    0.192917E-01    0.000000E+00
     0.157316E+03    0.200007E-01    0.000000E+00
     0.165625E+03    0.207170E-01    0.000000E+00
     0.174372E+03    0.214395E-01    0.000000E+00
     0.183582E+03    0.221624E-01    0.000000E+00
     0.193277E+03    0.228849E-01    0.000000E+00
     0.203485E+03    0.236073E-01    0.000000E+00
     0.214232E+03    0.243452E-01    0.000000E+00
     0.225547E+03    0.250871E-01    0.000000E+00
     0.237459E+03    0.258385E-01    0.000000E+00
     0.250000E+03    0.265906E-01    0.000000E+00
