     0.800000E+01    0.322740E-02    0.000000E+00
     0.823766E+01    0.336271E-02    0.000000E+00
     0.848238E+01    0.350305E-02    0.000000E+00
     0.873437E+01    0.364864E-02    0.000000E+00
     0.899385E+01    0.379975E-02    0.000000E+00
     0.926104E+01    0.395646E-02    0.000000E+00
     0.953616E+01    0.411881E-02    0.000000E+00
     0.981946E+01    0.428694E-02    0.000000E+00
     0.101112E+02    0.446114E-02    0.000000E+00
     0.104116E+02    0.464161E-02    0.000000E+00
     0.107209E+02    0.482851E-02    0.000000E+00
     0.110393E+02    0.502204E-02    0.000000E+00
     0.113673E+02    0.522238E-02    0.000000E+00
     0.117050E+02    0.542977E-02    0.000000E+00
     0.120527E+02    0.564472E-02    0.000000E+00
     0.124108E+02    0.586728E-02    0.000000E+00
     0.127795E+02    0.609759E-02    0.000000E+00
     0.131591E+02    0.633585E-02    0.000000E+00
     0.135501E+02    0.658232E-02    0.000000E+00
     0.139526E+02    0.683696E-02    0.000000E+00
     0.143671E+02    0.709975E-02    0.000000E+00
     0.147939E+02    0.737128E-02    0.000000E+00
     0.152334E+02    0.765170E-02    0.000000E+00
     0.156859E+02    0.794128E-02    0.000000E+00
     0.161519E+02    0.824028E-02    0.000000E+00
     0.166318E+02    0.854895E-02    0.000000E+00
     0.171259E+02    0.886764E-02    0.000000E+00
     0.176346E+02    0.919651E-02    0.000000E+00
     0.181585E+02    0.953559E-02    0.000000E+00
     0.186980E+02    0.988533E-02    0.000000E+00
     0.192534E+02    0.102460E-01    0.000000E+00
     0.198254E+02    0.106179E-01    0.000000E+00
     0.204144E+02    0.110007E-01    0.000000E+00
     0.210208E+02    0.113940E-01    0.000000E+00
     0.216453E+02    0.117989E-01    0.000000E+00
     0.222884E+02    0.122156E-01    0.000000E+00
     0.229505E+02    0.126442E-01    0.000000E+00
     0.236323E+02    0.130852E-01    0.000000E+00
     0.243343E+02    0.135386E-01    0.000000E+00
     0.250573E+02    0.140051E-01    0.000000E+00
     0.258017E+02    0.144856E-01    0.000000E+00
     0.265682E+02    0.149794E-01    0.000000E+00
     0.273574E+02    0.154867E-01    0.000000E+00
     0.281702E+02    0.160079E-01    0.000000E+00
     0.290070E+02    0.165430E-01    0.000000E+00
     0.298688E+02    0.170925E-01    0.000000E+00
     0.307561E+02    0.176555E-01    0.000000E+00
     0.316698E+02    0.182330E-01    0.000000E+00
     0.326106E+02    0.188251E-01    0.000000E+00
     0.335794E+02    0.194321E-01    0.000000E+00
     0.345770E+02    0.200540E-01    0.000000E+00
     0.356042E+02    0.206911E-01    0.000000E+00
     0.366619E+02    0.213433E-01    0.000000E+00
     0.377510E+02    0.220110E-01    0.000000E+00
     0.388725E+02    0.226943E-01    0.000000E+00
     0.400273E+02    0.233932E-01    0.000000E+00
     0.412165E+02    0.241081E-01    0.000000E+00
     0.424409E+02    0.248389E-01    0.000000E+00
     0.437017E+02    0.255856E-01    0.000000E+00
     0.450000E+02    0.263476E-01    0.000000E+00
