     0.200000E+02    0.900262E-03    0.000000E+00
     0.212423E+02    0.100846E-02    0.000000E+00
     0.225617E+02    0.112612E-02    0.000000E+00
     0.239630E+02    0.125381E-02    0.000000E+00
     0.254515E+02    0.139183E-02    0.000000E+00
     0.270323E+02    0.154063E-02    0.000000E+00
     0.287114E+02    0.170067E-02    0.000000E+00
     0.304947E+02    0.187212E-02    0.000000E+00
     0.323888E+02    0.205499E-02    0.000000E+00
     0.344006E+02    0.224967E-02    0.000000E+00
     0.365373E+02    0.245640E-02    0.000000E+00
     0.388067E+02    0.267542E-02    0.000000E+00
     0.412171E+02    0.290697E-02    0.000000E+00
     0.437772E+02    0.315147E-02    0.000000E+00
     0.464964E+02    0.340861E-02    0.000000E+00
     0.493844E+02    0.367829E-02    0.000000E+00
     0.524518E+02    0.396101E-02    0.000000E+00
     0.557097E+02    0.425626E-02    0.000000E+00
     0.591700E+02    0.456359E-02    0.000000E+00
     0.628452E+02    0.488211E-02    0.000000E+00
     0.667487E+02    0.521231E-02    0.000000E+00
     0.708947E+02    0.555427E-02    0.000000E+00
     0.752981E+02    0.590702E-02    0.000000E+00
     0.799751E+02    0.627040E-02    0.000000E+00
     0.849426E+02    0.664259E-02    0.000000E+00
     0.902186E+02    0.702282E-02    0.000000E+00
     0.958223E+02    0.741341E-02    0.000000E+00
     0.101774E+03    0.781520E-02    0.000000E+00
     0.108096E+03    0.822419E-02    0.000000E+00
     0.114810E+03    0.863833E-02    0.000000E+00
     0.121941E+03    0.905734E-02    0.000000E+00
     0.129515E+03    0.948128E-02    0.000000E+00
     0.137560E+03    0.990756E-02    0.000000E+00
     0.146104E+03    0.103443E-01    0.000000E+00
     0.155179E+03    0.107853E-01    0.000000E+00
     0.164817E+03    0.112295E-01    0.000000E+00
     0.175054E+03    0.116742E-01    0.000000E+00
     0.185928E+03    0.121176E-01    0.000000E+00
     0.197476E+03    0.125580E-01    0.000000E+00
     0.209742E+03    0.130054E-01    0.000000E+00
     0.222770E+03    0.134567E-01    0.000000E+00
     0.236606E+03    0.139062E-01    0.000000E+00
     0.251303E+03    0.143533E-01    0.000000E+00
     0.266912E+03    0.147976E-01    0.000000E+00
     0.283490E+03    0.152369E-01    0.000000E+00
     0.301099E+03    0.156717E-01    0.000000E+00
     0.319801E+03    0.161112E-01    0.000000E+00
     0.339665E+03    0.165507E-01    0.000000E+00
     0.360762E+03    0.169863E-01    0.000000E+00
     0.383170E+03    0.174166E-01    0.000000E+00
     0.406970E+03    0.178422E-01    0.000000E+00
     0.432248E+03    0.182613E-01    0.000000E+00
     0.459096E+03    0.186759E-01    0.000000E+00
     0.487612E+03    0.190894E-01    0.000000E+00
     0.517899E+03    0.195027E-01    0.000000E+00
     0.550067E+03    0.199108E-01    0.000000E+00
     0.584233E+03    0.203131E-01    0.000000E+00
     0.620521E+03    0.207099E-01    0.000000E+00
     0.659064E+03    0.211000E-01    0.000000E+00
     0.700000E+03    0.214828E-01    0.000000E+00
