     0.120000E+02    0.112061E-02    0.000000E+00
     0.126338E+02    0.122682E-02    0.000000E+00
     0.133010E+02    0.134103E-02    0.000000E+00
     0.140035E+02    0.146356E-02    0.000000E+00
     0.147431E+02    0.159473E-02    0.000000E+00
     0.155217E+02    0.173505E-02    0.000000E+00
     0.163415E+02    0.188488E-02    0.000000E+00
     0.172046E+02    0.204464E-02    0.000000E+00
     0.181132E+02    0.221493E-02    0.000000E+00
     0.190699E+02    0.239616E-02    0.000000E+00
     0.200770E+02    0.258872E-02    0.000000E+00
     0.211374E+02    0.279280E-02    0.000000E+00
     0.222538E+02    0.300897E-02    0.000000E+00
     0.234291E+02    0.323761E-02    0.000000E+00
     0.246665E+02    0.347914E-02    0.000000E+00
     0.259692E+02    0.373383E-02    0.000000E+00
     0.273408E+02    0.400248E-02    0.000000E+00
     0.287848E+02    0.428546E-02    0.000000E+00
     0.303050E+02    0.458266E-02    0.000000E+00
     0.319056E+02    0.489400E-02    0.000000E+00
     0.335906E+02    0.522021E-02    0.000000E+00
     0.353647E+02    0.556162E-02    0.000000E+00
     0.372325E+02    0.591812E-02    0.000000E+00
     0.391989E+02    0.628957E-02    0.000000E+00
     0.412691E+02    0.667707E-02    0.000000E+00
     0.434488E+02    0.708073E-02    0.000000E+00
     0.457435E+02    0.749986E-02    0.000000E+00
     0.481594E+02    0.793442E-02    0.000000E+00
     0.507029E+02    0.838433E-02    0.000000E+00
     0.533808E+02    0.884956E-02    0.000000E+00
     0.562000E+02    0.933099E-02    0.000000E+00
     0.591682E+02    0.982713E-02    0.000000E+00
     0.622931E+02    0.103378E-01    0.000000E+00
     0.655831E+02    0.108637E-01    0.000000E+00
     0.690469E+02    0.114053E-01    0.000000E+00
     0.726935E+02    0.119606E-01    0.000000E+00
     0.765328E+02    0.125287E-01    0.000000E+00
     0.805748E+02    0.131106E-01    0.000000E+00
     0.848304E+02    0.137043E-01    0.000000E+00
     0.893106E+02    0.143079E-01    0.000000E+00
     0.940275E+02    0.149203E-01    0.000000E+00
     0.989935E+02    0.155536E-01    0.000000E+00
     0.104222E+03    0.161984E-01    0.000000E+00
     0.109726E+03    0.168511E-01    0.000000E+00
     0.115521E+03    0.175116E-01    0.000000E+00
     0.121623E+03    0.181783E-01    0.000000E+00
     0.128046E+03    0.188494E-01    0.000000E+00
     0.134809E+03    0.195233E-01    0.000000E+00
     0.141929E+03    0.202125E-01    0.000000E+00
     0.149424E+03    0.209148E-01    0.000000E+00
     0.157316E+03    0.216219E-01    0.000000E+00
     0.165625E+03    0.223340E-01    0.000000E+00
     0.174372E+03    0.230499E-01    0.000000E+00
     0.183582E+03    0.237640E-01    0.000000E+00
     0.193277E+03    0.244755E-01    0.000000E+00
     0.203485E+03    0.251846E-01    0.000000E+00
     0.214232E+03    0.259072E-01    0.000000E+00
     0.225547E+03    0.266316E-01    0.000000E+00
     0.237459E+03    0.273635E-01    0.000000E+00
     0.250000E+03    0.280944E-01    0.000000E+00
