     0.120000E+02    0.270873E-02    0.000000E+00
     0.123641E+02    0.282971E-02    0.000000E+00
     0.127393E+02    0.295531E-02    0.000000E+00
     0.131258E+02    0.308565E-02    0.000000E+00
     0.135241E+02    0.322088E-02    0.000000E+00
     0.139344E+02    0.336104E-02    0.000000E+00
     0.143572E+02    0.350609E-02    0.000000E+00
     0.147929E+02    0.365636E-02    0.000000E+00
     0.152417E+02    0.381210E-02    0.000000E+00
     0.157042E+02    0.397355E-02    0.000000E+00
     0.161807E+02    0.414073E-02    0.000000E+00
     0.166717E+02    0.431369E-02    0.000000E+00
     0.171775E+02    0.449263E-02    0.000000E+00
     0.176987E+02    0.467789E-02    0.000000E+00
     0.182358E+02    0.486960E-02    0.000000E+00
     0.187891E+02    0.506787E-02    0.000000E+00
     0.193592E+02    0.527286E-02    0.000000E+00
     0.199466E+02    0.548474E-02    0.000000E+00
     0.205518E+02    0.570324E-02    0.000000E+00
     0.211754E+02    0.592838E-02    0.000000E+00
     0.218180E+02    0.616069E-02    0.000000E+00
     0.224800E+02    0.640033E-02    0.000000E+00
     0.231621E+02    0.664743E-02    0.000000E+00
     0.238649E+02    0.690277E-02    0.000000E+00
     0.245890E+02    0.716616E-02    0.000000E+00
     0.253351E+02    0.743765E-02    0.000000E+00
     0.261038E+02    0.771734E-02    0.000000E+00
     0.268959E+02    0.800542E-02    0.000000E+00
     0.277120E+02    0.830207E-02    0.000000E+00
     0.285528E+02    0.860744E-02    0.000000E+00
     0.294192E+02    0.892158E-02    0.000000E+00
     0.303118E+02    0.924381E-02    0.000000E+00
     0.312316E+02    0.957458E-02    0.000000E+00
     0.321792E+02    0.991435E-02    0.000000E+00
     0.331556E+02    0.102634E-01    0.000000E+00
     0.341616E+02    0.106218E-01    0.000000E+00
     0.351982E+02    0.109897E-01    0.000000E+00
     0.362662E+02    0.113670E-01    0.000000E+00
     0.373666E+02    0.117540E-01    0.000000E+00
     0.385004E+02    0.121507E-01    0.000000E+00
     0.396686E+02    0.125572E-01    0.000000E+00
     0.408722E+02    0.129735E-01    0.000000E+00
     0.421124E+02    0.134007E-01    0.000000E+00
     0.433902E+02    0.138383E-01    0.000000E+00
     0.447068E+02    0.142857E-01    0.000000E+00
     0.460633E+02    0.147430E-01    0.000000E+00
     0.474610E+02    0.152103E-01    0.000000E+00
     0.489011E+02    0.156878E-01    0.000000E+00
     0.503849E+02    0.161762E-01    0.000000E+00
     0.519137E+02    0.166759E-01    0.000000E+00
     0.534889E+02    0.171859E-01    0.000000E+00
     0.551118E+02    0.177063E-01    0.000000E+00
     0.567841E+02    0.182369E-01    0.000000E+00
     0.585070E+02    0.187776E-01    0.000000E+00
     0.602823E+02    0.193281E-01    0.000000E+00
     0.621114E+02    0.198884E-01    0.000000E+00
     0.639960E+02    0.204586E-01    0.000000E+00
     0.659378E+02    0.210414E-01    0.000000E+00
     0.679386E+02    0.216338E-01    0.000000E+00
     0.700000E+02    0.222360E-01    0.000000E+00
