     0.250000E+01    0.100722E-02    0.000000E+00
     0.254978E+01    0.103701E-02    0.000000E+00
     0.260054E+01    0.106762E-02    0.000000E+00
     0.265232E+01    0.109908E-02    0.000000E+00
     0.270513E+01    0.113140E-02    0.000000E+00
     0.275898E+01    0.116460E-02    0.000000E+00
     0.281392E+01    0.119874E-02    0.000000E+00
     0.286994E+01    0.123383E-02    0.000000E+00
     0.292708E+01    0.126987E-02    0.000000E+00
     0.298536E+01    0.130689E-02    0.000000E+00
     0.304480E+01    0.134489E-02    0.000000E+00
     0.310542E+01    0.138390E-02    0.000000E+00
     0.316725E+01    0.142397E-02    0.000000E+00
     0.323031E+01    0.146512E-02    0.000000E+00
     0.329463E+01    0.150738E-02    0.000000E+00
     0.336022E+01    0.155078E-02    0.000000E+00
     0.342712E+01    0.159534E-02    0.000000E+00
     0.349536E+01    0.164109E-02    0.000000E+00
     0.356495E+01    0.168807E-02    0.000000E+00
     0.363593E+01    0.173630E-02    0.000000E+00
     0.370832E+01    0.178581E-02    0.000000E+00
     0.378215E+01    0.183664E-02    0.000000E+00
     0.385746E+01    0.188886E-02    0.000000E+00
     0.393426E+01    0.194251E-02    0.000000E+00
     0.401259E+01    0.199758E-02    0.000000E+00
     0.409248E+01    0.205411E-02    0.000000E+00
     0.417396E+01    0.211214E-02    0.000000E+00
     0.425707E+01    0.217170E-02    0.000000E+00
     0.434182E+01    0.223283E-02    0.000000E+00
     0.442827E+01    0.229553E-02    0.000000E+00
     0.451644E+01    0.235986E-02    0.000000E+00
     0.460636E+01    0.242587E-02    0.000000E+00
     0.469807E+01    0.249361E-02    0.000000E+00
     0.479161E+01    0.256310E-02    0.000000E+00
     0.488701E+01    0.263440E-02    0.000000E+00
     0.498431E+01    0.270755E-02    0.000000E+00
     0.508355E+01    0.278258E-02    0.000000E+00
     0.518476E+01    0.285956E-02    0.000000E+00
     0.528799E+01    0.293852E-02    0.000000E+00
     0.539328E+01    0.301950E-02    0.000000E+00
     0.550066E+01    0.310256E-02    0.000000E+00
     0.561018E+01    0.318776E-02    0.000000E+00
     0.572187E+01    0.327514E-02    0.000000E+00
     0.583580E+01    0.336474E-02    0.000000E+00
     0.595199E+01    0.345661E-02    0.000000E+00
     0.607049E+01    0.355082E-02    0.000000E+00
     0.619136E+01    0.364740E-02    0.000000E+00
     0.631463E+01    0.374644E-02    0.000000E+00
     0.644035E+01    0.384793E-02    0.000000E+00
     0.656858E+01    0.395190E-02    0.000000E+00
     0.669936E+01    0.405847E-02    0.000000E+00
     0.683274E+01    0.416769E-02    0.000000E+00
     0.696878E+01    0.427963E-02    0.000000E+00
     0.710753E+01    0.439434E-02    0.000000E+00
     0.724904E+01    0.451189E-02    0.000000E+00
     0.739337E+01    0.463232E-02    0.000000E+00
     0.754057E+01    0.475568E-02    0.000000E+00
     0.769071E+01    0.488200E-02    0.000000E+00
     0.784383E+01    0.501139E-02    0.000000E+00
     0.800000E+01    0.514394E-02    0.000000E+00
