     0.400000E+01    0.160590E-02    0.000000E+00
     0.409062E+01    0.165906E-02    0.000000E+00
     0.418330E+01    0.171388E-02    0.000000E+00
     0.427807E+01    0.177038E-02    0.000000E+00
     0.437499E+01    0.182859E-02    0.000000E+00
     0.447411E+01    0.188856E-02    0.000000E+00
     0.457547E+01    0.195034E-02    0.000000E+00
     0.467913E+01    0.201396E-02    0.000000E+00
     0.478514E+01    0.207949E-02    0.000000E+00
     0.489355E+01    0.214698E-02    0.000000E+00
     0.500442E+01    0.221650E-02    0.000000E+00
     0.511779E+01    0.228808E-02    0.000000E+00
     0.523374E+01    0.236180E-02    0.000000E+00
     0.535231E+01    0.243770E-02    0.000000E+00
     0.547357E+01    0.251585E-02    0.000000E+00
     0.559758E+01    0.259632E-02    0.000000E+00
     0.572439E+01    0.267929E-02    0.000000E+00
     0.585408E+01    0.276470E-02    0.000000E+00
     0.598671E+01    0.285263E-02    0.000000E+00
     0.612234E+01    0.294314E-02    0.000000E+00
     0.626105E+01    0.303630E-02    0.000000E+00
     0.640289E+01    0.313218E-02    0.000000E+00
     0.654795E+01    0.323073E-02    0.000000E+00
     0.669630E+01    0.333209E-02    0.000000E+00
     0.684801E+01    0.343636E-02    0.000000E+00
     0.700315E+01    0.354362E-02    0.000000E+00
     0.716181E+01    0.365395E-02    0.000000E+00
     0.732407E+01    0.376742E-02    0.000000E+00
     0.749000E+01    0.388413E-02    0.000000E+00
     0.765969E+01    0.400414E-02    0.000000E+00
     0.783322E+01    0.412754E-02    0.000000E+00
     0.801068E+01    0.425444E-02    0.000000E+00
     0.819217E+01    0.438493E-02    0.000000E+00
     0.837777E+01    0.451909E-02    0.000000E+00
     0.856757E+01    0.465699E-02    0.000000E+00
     0.876167E+01    0.479874E-02    0.000000E+00
     0.896017E+01    0.494440E-02    0.000000E+00
     0.916317E+01    0.509410E-02    0.000000E+00
     0.937076E+01    0.524793E-02    0.000000E+00
     0.958306E+01    0.540572E-02    0.000000E+00
     0.980017E+01    0.556776E-02    0.000000E+00
     0.100222E+02    0.573418E-02    0.000000E+00
     0.102493E+02    0.590504E-02    0.000000E+00
     0.104815E+02    0.608043E-02    0.000000E+00
     0.107189E+02    0.626050E-02    0.000000E+00
     0.109618E+02    0.644531E-02    0.000000E+00
     0.112101E+02    0.663503E-02    0.000000E+00
     0.114641E+02    0.682975E-02    0.000000E+00
     0.117238E+02    0.702961E-02    0.000000E+00
     0.119894E+02    0.723472E-02    0.000000E+00
     0.122610E+02    0.744520E-02    0.000000E+00
     0.125388E+02    0.766117E-02    0.000000E+00
     0.128229E+02    0.788275E-02    0.000000E+00
     0.131134E+02    0.811008E-02    0.000000E+00
     0.134105E+02    0.834327E-02    0.000000E+00
     0.137143E+02    0.858236E-02    0.000000E+00
     0.140250E+02    0.882695E-02    0.000000E+00
     0.143428E+02    0.907750E-02    0.000000E+00
     0.146677E+02    0.933486E-02    0.000000E+00
     0.150000E+02    0.959866E-02    0.000000E+00
