     0.800000E+01    0.267823E-02    0.000000E+00
     0.823766E+01    0.279267E-02    0.000000E+00
     0.848238E+01    0.291141E-02    0.000000E+00
     0.873437E+01    0.303468E-02    0.000000E+00
     0.899385E+01    0.316270E-02    0.000000E+00
     0.926104E+01    0.329555E-02    0.000000E+00
     0.953616E+01    0.343323E-02    0.000000E+00
     0.981946E+01    0.357586E-02    0.000000E+00
     0.101112E+02    0.372372E-02    0.000000E+00
     0.104116E+02    0.387698E-02    0.000000E+00
     0.107209E+02    0.403577E-02    0.000000E+00
     0.110393E+02    0.420027E-02    0.000000E+00
     0.113673E+02    0.437065E-02    0.000000E+00
     0.117050E+02    0.454712E-02    0.000000E+00
     0.120527E+02    0.473015E-02    0.000000E+00
     0.124108E+02    0.491978E-02    0.000000E+00
     0.127795E+02    0.511613E-02    0.000000E+00
     0.131591E+02    0.531938E-02    0.000000E+00
     0.135501E+02    0.552975E-02    0.000000E+00
     0.139526E+02    0.574720E-02    0.000000E+00
     0.143671E+02    0.597167E-02    0.000000E+00
     0.147939E+02    0.620374E-02    0.000000E+00
     0.152334E+02    0.644354E-02    0.000000E+00
     0.156859E+02    0.669132E-02    0.000000E+00
     0.161519E+02    0.694731E-02    0.000000E+00
     0.166318E+02    0.721174E-02    0.000000E+00
     0.171259E+02    0.748494E-02    0.000000E+00
     0.176346E+02    0.776705E-02    0.000000E+00
     0.181585E+02    0.805808E-02    0.000000E+00
     0.186980E+02    0.835845E-02    0.000000E+00
     0.192534E+02    0.866842E-02    0.000000E+00
     0.198254E+02    0.898822E-02    0.000000E+00
     0.204144E+02    0.931764E-02    0.000000E+00
     0.210208E+02    0.965609E-02    0.000000E+00
     0.216453E+02    0.100047E-01    0.000000E+00
     0.222884E+02    0.103638E-01    0.000000E+00
     0.229505E+02    0.107333E-01    0.000000E+00
     0.236323E+02    0.111136E-01    0.000000E+00
     0.243343E+02    0.115050E-01    0.000000E+00
     0.250573E+02    0.119079E-01    0.000000E+00
     0.258017E+02    0.123234E-01    0.000000E+00
     0.265682E+02    0.127506E-01    0.000000E+00
     0.273574E+02    0.131898E-01    0.000000E+00
     0.281702E+02    0.136414E-01    0.000000E+00
     0.290070E+02    0.141053E-01    0.000000E+00
     0.298688E+02    0.145822E-01    0.000000E+00
     0.307561E+02    0.150711E-01    0.000000E+00
     0.316698E+02    0.155728E-01    0.000000E+00
     0.326106E+02    0.160877E-01    0.000000E+00
     0.335794E+02    0.166159E-01    0.000000E+00
     0.345770E+02    0.171576E-01    0.000000E+00
     0.356042E+02    0.177129E-01    0.000000E+00
     0.366619E+02    0.182819E-01    0.000000E+00
     0.377510E+02    0.188649E-01    0.000000E+00
     0.388725E+02    0.194619E-01    0.000000E+00
     0.400273E+02    0.200732E-01    0.000000E+00
     0.412165E+02    0.206989E-01    0.000000E+00
     0.424409E+02    0.213391E-01    0.000000E+00
     0.437017E+02    0.219939E-01    0.000000E+00
     0.450000E+02    0.226624E-01    0.000000E+00
