     0.400000E+01    0.194341E-02    0.000000E+00
     0.409062E+01    0.200712E-02    0.000000E+00
     0.418330E+01    0.207280E-02    0.000000E+00
     0.427807E+01    0.214049E-02    0.000000E+00
     0.437499E+01    0.221023E-02    0.000000E+00
     0.447411E+01    0.228207E-02    0.000000E+00
     0.457547E+01    0.235608E-02    0.000000E+00
     0.467913E+01    0.243231E-02    0.000000E+00
     0.478514E+01    0.251081E-02    0.000000E+00
     0.489355E+01    0.259167E-02    0.000000E+00
     0.500442E+01    0.267495E-02    0.000000E+00
     0.511779E+01    0.276071E-02    0.000000E+00
     0.523374E+01    0.284902E-02    0.000000E+00
     0.535231E+01    0.293994E-02    0.000000E+00
     0.547357E+01    0.303356E-02    0.000000E+00
     0.559758E+01    0.312995E-02    0.000000E+00
     0.572439E+01    0.322931E-02    0.000000E+00
     0.585408E+01    0.333159E-02    0.000000E+00
     0.598671E+01    0.343688E-02    0.000000E+00
     0.612234E+01    0.354526E-02    0.000000E+00
     0.626105E+01    0.365681E-02    0.000000E+00
     0.640289E+01    0.377161E-02    0.000000E+00
     0.654795E+01    0.388962E-02    0.000000E+00
     0.669630E+01    0.401100E-02    0.000000E+00
     0.684801E+01    0.413587E-02    0.000000E+00
     0.700315E+01    0.426432E-02    0.000000E+00
     0.716181E+01    0.439644E-02    0.000000E+00
     0.732407E+01    0.453232E-02    0.000000E+00
     0.749000E+01    0.467207E-02    0.000000E+00
     0.765969E+01    0.481577E-02    0.000000E+00
     0.783322E+01    0.496354E-02    0.000000E+00
     0.801068E+01    0.511548E-02    0.000000E+00
     0.819217E+01    0.527172E-02    0.000000E+00
     0.837777E+01    0.543233E-02    0.000000E+00
     0.856757E+01    0.559744E-02    0.000000E+00
     0.876167E+01    0.576714E-02    0.000000E+00
     0.896017E+01    0.594153E-02    0.000000E+00
     0.916317E+01    0.612074E-02    0.000000E+00
     0.937076E+01    0.630491E-02    0.000000E+00
     0.958306E+01    0.649386E-02    0.000000E+00
     0.980017E+01    0.668790E-02    0.000000E+00
     0.100222E+02    0.688721E-02    0.000000E+00
     0.102493E+02    0.709185E-02    0.000000E+00
     0.104815E+02    0.730192E-02    0.000000E+00
     0.107189E+02    0.751760E-02    0.000000E+00
     0.109618E+02    0.773897E-02    0.000000E+00
     0.112101E+02    0.796622E-02    0.000000E+00
     0.114641E+02    0.819946E-02    0.000000E+00
     0.117238E+02    0.843885E-02    0.000000E+00
     0.119894E+02    0.868451E-02    0.000000E+00
     0.122610E+02    0.893658E-02    0.000000E+00
     0.125388E+02    0.919522E-02    0.000000E+00
     0.128229E+02    0.946056E-02    0.000000E+00
     0.131134E+02    0.973275E-02    0.000000E+00
     0.134105E+02    0.100119E-01    0.000000E+00
     0.137143E+02    0.102981E-01    0.000000E+00
     0.140250E+02    0.105910E-01    0.000000E+00
     0.143428E+02    0.108910E-01    0.000000E+00
     0.146677E+02    0.111991E-01    0.000000E+00
     0.150000E+02    0.115148E-01    0.000000E+00
